<Network_Data_Length> 25 </Network_Data_Length>
<Network_Header_Length> 25 </Network_Header_Length>
<Model> M3 </Model>
<Mode> ERROR </Mode>
<ChangeOfState> 55 </ChangeOfState>
<FER> 0.3489556800815079 </FER>
<LossyMatrix>
0.8947368421052632	0.10526315789473684
0.125	0.875
1.0	0.0
0.47058823529411764	0.5294117647058824
0.0	1.0
0.0	0.0
0.5555555555555556	0.4444444444444444
0.0	1.0
1.0	0.0
0.0	1.0
1.0	0.0
0.16666666666666666	0.8333333333333334
0.5	0.5
0.14285714285714285	0.8571428571428571
0.7857142857142857	0.21428571428571427
0.022617124394184167	0.9773828756058158
</LossyMatrix>
<StateMatrix>
0.9940769990128332	0.005923000987166831 
0.0	1.0 
0.0	0.0 
0.0	1.0 
0.0	0.0 
0.0	0.0 
0.0	0.0 
0.16666666666666666	0.8333333333333334 
1.0	0.0 
0.0	0.0 
0.0	0.0 
0.0	0.0 
1.0	0.0 
0.0	0.0 
1.0	0.0 
0.005952380952380952	0.9940476190476191 
</StateMatrix>
