File name: DLbad
Downlink Channel Characterization.

good    bad
2740    6
12      1
18      3
2       2
51      5
2       10
19936   1
48      1
3       1
6202    12
6       1
201     4
2       10
84      2
2       1
1       3
1       2
2       1
37      21
2       2
4       1
13      1
9       1
4       1
16      9
4       2
2       14
33      15
99      1
726     1
9       2
2014    1
5       1
815     5
37      9
1125    1
1       3
28      7
1       3
2       1
2527    1
2760    1
431     8
115     1
1       1
93      8
146     13
185     9
33      1
3       1
2       1
3       13
1411    3
785     2
3       1
333     3
222     1
34      1
3       1
93      1
5       5
69      7
2       1
42      1
69      4
128     2
7       1
1       13
2       1
156     1
2       6
1       1
293     4
272     13
335     6
15      6
496     1
603     1
4       3
154     15
3       1
42      16
94      1
66      16
483     16
1278    1
4       1
59      7
116     13
81      1
5       1
5       17
135     5
1       9
2673    15
365     5
2       1
124     1
353     1
347     7
68      302
1       8
725     5
2       7
1499    4
1       8
327     1
60      1
115     1
2       1
1       1
4       3
727     1
126     13
743     1
1       1
194     7
37      8
14      6
54      5
1       8
2       1
237     15
181     4
1535    9
1213    1
11      11
219     3
1149    1
491     21
238     6
1       8
276     1
41      1
28      1
103     5
2       9
242     1
4       26
2       24
1       8
1       8
1       8
1       8
1       8
1       8
1       8
1       8
1       8
1       8
1       8
1       8
1       8
1       8
1       8
1       8
1       8
1       8
1       8
1       8
1       8
1       8
1       8
1       8
1       8
1       8
1       8
1       8
1       8
1       8
1       8
1       8
1       8
1       8
1       8
1       8
1       8
1       8
1       8
1       8
1       8
1       8
1       8
1       8
1       8
1       8
1       8
1       8
1       8
1       8
1       8
1       8
1       8
2       8
1       8
1       8
1       8
1       8
2       17
1       8
1       8
1       8
1       8
1       8
1       8
1       8
1       8
1       8
1       8
1       8
1       8
1       8
1       8
1       8
1       8
2       8
1       8
3       22
2       3
1       1
232     14
1       1
826     1
1       6
221     5
1       8
221     5
5       5
3       8
336     1
3       1
85      3
7       1
42      12
23      1
4       4
1       2
3       7
208     20
3       8
1       8
1       8
1       8
1       8
1       8
2       8
5       8
2       8
1       8
1       8
1       8
3       8
1       8
1       8
1       8
1       8
2       8
1       8
1       8
1       8
1       8
1       8
1       8
3       8
1       8
1       8
1       8
4       8
0       8
1       8
1       8
1       8
1       8
1       8
4       8
0       8
1       8
1       8
3       8
1       8
1       8
2       8
1       8
1       8
1       8
5       8
1       8
1       8
1       8
1       8
1       8
1       8
1       8
1       8
1       8
2       8
6       8
2       8
3       8
1       8
2       8
3       8
1       8
1       8
1       8
1       8
3       8
1       8
1       8
1       8
1       8
2       9
238     5
1       7
88      12
140     11
5       4
1       9
2130    11
3263    11
128     5
1       9
3251    9
5       14
5       4
2       8
1       1
2       1
15      1
14      4
42      14
91      1
1       2
1       2
1       13
48      1
15      1
3       1
5       6
2       6
1       15
11      1
39      16
28      1
18      1
5       2
3       1
15      1
3       12
52      8
95      5
2       10
137     1
4       1
2       1
102     15
1       41
159     1
6       1
35      15
4334    1
2       5
1       2
146     2
1993    1
3       1
174     2
1213    14
1       1
52      2
1       2
215     16
12      4
2       1
3       13
86      16
2       1
37      9
6       1
9       1
3       2
7       1
5       13
3       1
4       10
1       8
39      7
5       15
186     15
233     53
2       7
89      1
16      21
1       1
31      14
127     9
83      1
2       1
118     3
160     33
2       2
4       8
168     16
118     45
59      1
36      10
3       1
28      1
2       11
2       1
90      1
142     3
4       1
4       5
9       1
25      1
2       2
77      6
86      6
28      2
2       5
2       2
23      1
22      9
68      1
2       2
29      1
1       4
79      8
15      15
24      10
5       2
2       1
58      1
58      1
95      7
2       2
2       1
3       4
152     21
48      8
3       9
170     1
5       18
103     12
2       6
14      12
2       1
7       1
1       8
1       6
6       1
2       8
4       1
16      6
2       1
4       1
2       1
42      1
7       1
3       1
2       7
5       1
18      1
1       9
13      9
2       2
23      1
2       3
1       1
2       1
20      5
42      6
2       1
5       3
31      1
82      7
55      1
1       5
35      8
45      9
2       2
6       10
94      8
63      15
2       1
78      2
2       1
56      2
2       3
1       1
18      8
169     1
8       1
94      2
19      3
2       1
8       1
3       1
13      5
67      8
260     1
1       9
46      1
75      1
1       1
7       12
53      28
3       1
3       11
132     5
55      1
2       2
10      26
1       1
2       1
25      8
34      1
35      1
4       3
1       8
2       1
3       7
2       8
2       1
154     2
1       4
2       2
14      1
2       1
2       2
4       1
1       1
56      17
2       1
2       2
2       2
2       1
4       23
4       16
49      5
145     3
35      1
2       13
29      1
1       26
77      3
72      14
1       1
10      1
2       23
47      1
27      10
1       28
107     21
65      19
1       10
16      19
12      15
1       1
2       13
2       1
47      17
1       9
30      1
4       1
182     3
2       1
118     50
39      15
2       1
1       1
79      8
60      8
196     2
2       1
5       1
3       29
285     2
1       21
4       2
1       1
29      6
16      10
10      1
1       5
2       1
54      1
2       2
207     7
35      1
2       1
2       2
5       4
1       1
4       7
2       1
5       1
2       1
23      2
1       1
2       1
5       16
24      31
37      11
6       1
1       12
2       1
15      3
30      13
58      3
18      68
66      1
2       1
60      1
12      1
2       2
2       2
313     11
2       1
6       1
24      1
97      5
24      2
2       1
2       2
2       1
24      7
136     2
170     1
80      4
1       1
6       35
14      2
2       2
1       3
2       9
51      7
3       1
5       1
1       1
2       2
3       1
3       9
77      1
1       3
2       1
498     1
7       1
2       3
3       1
2       20
2       7
1       9
112     4
2       36
11      9
12      19
208     6
3       12
2       4
3       5
2       1
6       4
103     1
4       9
5       1
89      1
70      3
9       1
2       7
121     2
1       1
5       13
3       4
8       1
3       6
22      21
96      1
2       1
14      1
1       1
53      7
29      18
4       8
43      16
16      1
1       13
2       1
3       1
118     10
84      1
2       1
5       5
30      1
5       1
4       1
1       3
2       2
2       1
5       11
47      16
1       4
17      12
9       13
17      13
35      1
2       2
6       1
170     2
53      1
53      1
27      2
2       1
6       1
20      13
7       11
2       16
116     1
329     7
4       1
2       14
20      8
14      10
4       1
68      1
4       1
2       1
3       10
728     12
120     1
1       1
4       25
81      18
9       1
4       6
76      3
54      34
33      9
25      21
24      12
9       1
2       3
2       2
2       1
3       1
2       1
1       22
101     1
4       2
2       1
3       1
1       8
7       1
4       1
10      3
2       4
2       20
3       2
2       53
12      12
3       1
34      2
16      45
3       2
3       1
5       2
5       1
20      16
27      12
205     1
2       20
51      1
4       1
330     1
636     1
13      1
2       1
30      1
2       4
2       8
10      1
2       1
2       1
39      7
12      10
33      1
76      1
5       1
1037    2
3265    1
89      1
1       3
2       4
221     1
215     3
4       1
1       1
33      16
1350    1
5       8
337     3
2       1
272     2
1       3
262     5
257     8
2       1
139     27
161     2
267     1
1       32
2       1
19      36
5       2
2       1
2       2
26      1
2       2
2       1
1       1
66      2
147     1
2       1
572     11
2       2
1       4
47      1
3       2
16      3
1       6
27      6
2       2
3       1
2       24
731     2
1       1
57      14
9       1
266     1
624     1
4       1
29      1
17      18
23      2
118     6
2       1
58      1
79      9
19      8
713     7
2       2
3       1
2       8
1       1
167     17
29      9
63      1
135     1
252     1
541     1
345     7
2       1
516     1
2       1
427     1
37      2
19      5
2       1
135     1
6       1
232     17
116     5
2       2
7       9
471     3
3       1
658     27
77      2
2       1
59      1
28      7
2       9
1       1
444     1
19      4
191     2
23      1
1       5
1       6
103     8
1       1
2       1
4       1
11      5
271     6
8       6
214     1
219     11
226     6
74      6
5       2
1       5
2       1
2       4
13      6
8       2
2       1
29      1
15      11
2       1
208     8
38      8
137     1
1333    8
2421    1
3       3
2       1
74      1
100     1
59      1
57      2
398     1
2       1
19      3
2       1
863     2
5       2
698     4
2       11
82      21
32      1
2       1
2       1
1966    1
2       1
162     1
389     10
2       1
3       7
125     14
2       1
25      18
14      4
21      256
2       1
72      1
2       1
2       1
345     1
48      1
236     1
2029    1
2       1
2       10
2       1
15      14
2       1
37      22
73      1
5       15
2       2
34      1
32      1
6       8
1       8
657     1
2       1
22      4
28      2
1       3
2       2
2       1
2       1
2       78
2       1
1       6
3       6
2       7
3337    1
755     8
2       2
44      13
2       2
2       4
740     8
56      1
1       12
88      9
4401    6
1780    5
1503    11
17      2
64      5
20      1
5       1
22      37
2       1
1       12
2       1
1631    10
1       1
5       46
68      5
55      2
2       2
2       7
3       1
104     6
47      1
2       8
11      1
6       66
10      6
4       7
473     9
151     4
20      11
8       1
1       4
685     2
5       1
1       24
41      1
11      1
1       1
2       1
2       2
15      6
23      20
11      6
2       2
4       1
114     7
36      7
11      16
260     11
207     1
17      1
2       1
56      1
5       1
1       1
451     5
20      19
62      40
10      9
143     1
4       33
26      1
1       15
2       7
33      13
483     1
117     1
14      12
397     1
2       2
341     1
30      1
2       1
27      2
359     1
76      2
42      1
63      63
1       1
564     1
134     1
373     6
57      3
2       3
1       39
2       1
2       17
64      11
11      2
15      10
131     1
2       1
2       2
43      1
2       1
2       1
18      5
3       9
240     12
235     6
35      1
56      1
19      14
2       25
26      11
63      15
1039    1
2       1
5       5
5       1
862     1
58      8
80      1
1       64
2       1
23      1
1       3
2       1
2       35
11      1
3       18
30      1
9       3
7       14
1       3
2       1
9       1
1       48
2       1
7       1
13      5
2       1
129     4
2       7
107     1
387     1
2       4
7       6
45      13
101     1
5       1
7       1
10      4
9       8
16      5
10      5
1       3
55      9
85      13
133     4
2       1
2       2
2       1
66      2
106     5
2       2
13      1
78      16
201     1
106     5
125     2
99      6
224     2
141     1
98      12
148     1
3472    6
91      6
18      6
104     2
103     30
2       2
8       1
3       1
13      1
1       3
873     1
36      1
2       1
2       6
2       2
1       1
2       2
2       1
2       3
2       2
6       2
2       1
1       3
2       106
44      2
4       14
3011    1
2       1
9       1
2       3
18      1
147     15
2662    1
2       2
1       2
2       1
3       10
30      11
1955    1
3       1
1       25
1       2
16      28
3       9
336     3
4       9
1       1
2       1
4       5
3       1
24      1
3       12
1       2
1       2
1       2
75      1
6       1
5       1
2       11
73      4
2       1
1       8
468     20
3       1
136     1
58      1
16      13
1102    2
49      2
1       3
3       3
1       1
288     1
105     2
1       1
16      5
7       7
6       2
47      1
3       2
148     1
2       14
65      1
2       2
2       1
3       1
7       1
156     19
12      4
3       3
4       2
1       2
1       2
1       3
2       1
37      17
313     32
1       1
7       1
6       1
5       1
6       1
112     12
4219    12
564     11
22      3
1       4
392     4
917     6
2       1
35      2
161     2
239     1
2       1
5       2
2       1
236     6
1       6
59      2
92      32
2       6
3       1
6       1
2       54
1       3
3       1
14      1
5       1
2       17
3       1
5       28
5       1
3       5
14      5
88      17
4       1
250     1
5       1
2       1
1       1
24      1
402     1
251     1
2       8
1       108
94      13
26      9
1       2
11      1
4       26
18      1
3       1
2       1
19      2
5       8
98      2
28      1
6       1
21      5
2       8
481     1
1       8
247     2
262     1
2       1
1002    1
2       2
2       1
77      1
2066    5
5       1
2       6
2       1
2       1
40      1
41      1
176     1
1       2
1       1
11      1
7       6
73      3
7       2
1       3
32      1
12      1
96      18
1       8
2       8
1       8
2       8
1       8
2       8
1       8
1       8
2       8
1       26
2       8
1       8
1       8
2       8
1       8
2       8
1       8
2       8
1       8
2       8
1       8
1       8
2       8
1       8
2       8
1       8
2       8
1       8
2       8
1       8
1       8
2       8
1       8
2       8
1       8
2       8
1       8
2       8
1       8
1       9
641     13
157     12
2       1
147     1
341     11
46      1
27      1
2       11
1       5
14      10
19      1
77      6
2       8
1       1
2       1
294     1
12      9
2       1
2       2
1       1
6       1
114     1
8       4
2       1
4       1
105     1
864     1
3       12
2       1
3       1
89      1
2       2
2       3
2       6
267     1
2       1
2       2
2       1
2       138
2       2
1       3
2       1
13      1
3       95
2       10
2       4
9       2
1391    1
513     1
2       7
2       7
1       4
3145    13
1971    3
6       1
145     15
477     6
1       8
259     5
2       9
296     5
2       8
1       1
117     2
1       1
2       1
4       2
242     1
10      1
2       1
4       1
16      1
5       1
3       2
1       2
1       5
2       1
1       14
8       1
4       1
4       4
158     1
45      7
17      1
2       2
242     5
2       10
1       1
3       1
40      1
21      1
3       1
5       2
4       1
1       1
3       2
92      4
3       1
53      13
157     2
2       4
2       1
508     6
1       2
5       1
3       1
4       19
3       1
18      7
2       4
1       2
5       1
18      14
4       1
6       1
51      14
181     13
68      1
3       6
1       1
143     5
1       8
2       2
94      11
21      6
23      2
5       16
33      1
2       1
2       1
25      15
96      1
4       1
157     3
2       1
3       1
3       1
78      1
10      11
2       1
2       1
1       2
1       1
2       1
7       5
2       10
1       1
8       1
1       6
1       65
4       2
10      1
12      16
2       1
324     1
3       3
7       3
2       1
1       1
1       2
8       1
3       1
2       1
4       1
6       4
2       1
90      1
2       1
2       1
4       1
14      1
36      17
1       2
6       1
5       1
11      1
1       6
2       5
2       1
8       1
1       3
3       1
2       1
2       1
4       3
3       3
2       1
1       3
5       1
11      2
2       1
4       9
2       4
45      1
2       1
6       15
2       2
5       1
24      1
3       103
3       8
488     26
41      1
472     16
2       1
1       1
3       1
1193    1
465     1
2       1
2       1
52      1
9       17
1       1
3       79
5       5
1       6
217     21
5       5
1       7
2       1
470     2
2       4
1       1
3       1
14      30
4       8
47      2
1       2
1       16
59      19
103     12
138     1
64      1
3       1
6       1
6       3
1       1
25      4
2       1
1       9
326     1
3       2
1318    15
211     8
167     1
2       10
3       1
8       7
3       1
1       6
56      2
1       2
17      4
21      7
67      1
3       16
13      18
63      1
2       1
1       4
2       1
189     1
2       43
10      6
1       3
4       14
2       1
20      1
3       1
79      1
2       36
1       1
5       17
108     16
4       1
16      11
89      16
1       1
2       1
76      2
2       1
4       1
3       2
9       1
125     6
1       9
24      1
36      5
150     1
1       14
9       14
62      20
1       8
3       2
12      2
2       1
1       2
12      1
9       2
2       18
329     1
87      1
2       4
36      1
2       2
2       3
2       1
29      1
2       1
1       2
457     3
12      1
5       5
2       1
2       10
58      5
1       8
93      1
2       4
1       2
1       2
1       7
664     5
1       10
156     7
8       10
75      4
5       1
1       2
96      1
92      1
72      7
2       1
15      10
8       1
3       13
29      1
3       12
65      8
21      20
1       2
1       1
9       11
1       1
43      2
3       31
30      14
2       1
101     11
317     26
3       2
1       1
27      1
13      5
32      2
2       1
3       1
2536    4
1       2
2       4
181     1
858     1
2964    5
597     1
17      14
118     1
2       1
21      1
2       1
1       4
1286    1
0       2
1986    1
273     2
620     26
409     3
902     5
172     2
274     1
136     4
1251    8
257     4
2       1
962     6
254     5
7       2
696     1
233     1
1541    3
518     1
1       1
2       1
147     7
106     2
398     7
442     1
43      2
366     1
275     2
39      2
1       2
680     5
19      6
172     5
1       1
180     10
96      1
3       1
19      1
4       1
82      8
2       5
38      1
264     7
703     1
2       2
1861    5
897     1
134     5
964     6
2       1
48      7
30      10
7       1
1       3
2       2
3       1
116     3
7       3
3       3
4       1
164     1
210     1
35      1
29      5
795     4
238     3
1       5
17      1
284     1
306     1
171     1
855     3
1       1
77      7
147     1
112     2
423     1
1       1
22      1
9       1
211     3
1002    3
2       2
77      1
3       1
99      1
878     2
132     1
218     1
4       4
265     1
82      2
630     1
1348    4
554     5
201     1
566     4
233     1
67      4
94      1
3       1
45      1
102     1
260     1
304     1
175     2
7       8
403     5
1       1
2       1
398     1
8       2
23      1
141     4
47      5
40      4
246     4
8       1
196     2
12      2
238     1
1       1
1416    1
109     7
4       9
71      4
9       1
3       1
35      1
1       2
6       1
57      3
1273    4
154     1
1       1
2       2
2       1
357     1
333     1
134     2
1288    14
3       1
758     1
552     5
309     1
105     1
251     5
26      5
7       1
2       5
29      12
5       1
18      1
2       1
17      1
91      3
205     4
190     5
206     1
1       1
668     3
509     5
1       1
109     3
9       3
90      4
90      2
1       1
12      6
2       2
1       2
2       5
14      1
1       1
43      6
1       8
29      8
7       3
30      8
159     5
1       8
482     1
802     4
21      24
2       1
185     8
27      10
92      15
19      6
2       14
2       1
2       3
5       1
2       5
32      1
1       3
2       1
132     5
1       9
17      1
2       1
1271    5
60      4
97      4
1163    2
493     16
18      5
312     4
294     1
437     2
2       1
301     2
1600    1
43      7
15      13
51      1
402     5
65      4
38      2
78      4
69      1
32      3
3       7
1       1
144     6
86      1
83      2
939     3
86      8
114     7
329     4
3       1
1       1
173     1
18      7
10      2
1       4
627     1
2       1
701     1
1       6
308     1
2       5
79      1
2       9
531     2
44      4
368     6
141     1
15      1
22      5
489     4
1136    2
3       1
30      1
2       4
65      4
702     1
1       1
357     1
28      2
371     1
2       2
42      3
36      1
69      1
83      2
21      10
139     7
6       1
370     5
477     1
61      1
2       5
487     12
71      4
102     4
15      2
18      1
116     1
58      3
107     1
2       1
1       3
2       1
1       7
560     1
1326    26
893     3
1       1
1103    1
357     1
38      1
6       1
110     1
2       9
18      1
2       11
661     6
1       5
2       1
138     1
1206    4
2       1
1       3
504     9
2       1
37      1
5       1
1       6
17      1
19      8
2       1
1       1
4       1
1       1
22      1
48      5
2       1
106     6
160     14
2       2
34      16
289     8
3       1
1       2
601     1
131     14
116     5
102     1
56      20
7       9
17      4
450     4
48      1
138     2
18      1
249     1
4       1
1       1
8       4
2       2
106     1
498     4
485     2
1       1
6       12
1706    1
2       1
69      10
481     1
1       4
2       3
1       1
4       4
33      7
210     10
87      1
1       2
23      3
323     15
109     15
1       1
8       1
3       4
2       2
26      2
94      4
1       1
212     1
2       1
85      9
62      15
230     5
1       9
167     1
32      2
194     2
75      3
1       1
4       2
226     11
1       1
6       5
1       1
5       10
21      1
7       6
108     2
1       2
1       1
14      6
7       2
21      12
30      8
27      1
90      1
12      4
31      1
168     1
2       4
10      6
2       1
218     2
155     10
18      16
46      1
1       3
21      15
1       12
2       11
44      5
4       36
59      1
1       4
25      1
1       9
84      6
72      8
3       6
1       8
36      4
1521    1
264     6
80      1
3       1
426     1
1       9
6       1
213     1
1835    1
1405    4
2       1
517     3
140     4
25      5
67      4
27      1
12      5
631     6
252     4
315     4
185     6
232     14
1116    1
18      1
362     6
946     2
63      4
826     2
2       2
635     2
60      1
2       10
19      2
2       2
51      1
674     8
39      1
72      1
7       2
2359    2
6       7
50      7
1       4
14      1
3       4
73      1
85      7
142     5
104     1
100     6
14      10
1       3
434     8
28      4
2       2
952     2
49      7
360     2
1       1
1031    4
27      1
128     4
985     8
4900    5
2       1
2770    7
209     1
64      5
73      3
65      8
127     2
501     2
160     2
489     1
1       15
3       6
69      13
412     2
5       1
2       2
9       1
3       1
302     7
203     4
1       2
1       6
564     1
3       1
2       1
1       1
16      3
321     1
5       1
3       9
9       1
1       1
164     20
670     1
137     5
11      4
836     2
478     1
114     1
281     8
2       1
1022    4
1       8
6147    1
4       2
1       1
7       1
9       1
93      1
2       5
722     9
234     6
393     11
1542    4
1       1
4       1
18      1
82      1
267     1
257     4
1168    1
1406    5
1927    1
934     6
144     6
331     6
1223    3
328     8
107     2
2       3
66      2
35      1
2       1
496     1
120     1
41      1
65      1
120     5
418     4
110     25
3       1
61      2
3       1
2       6
97      3
21      8
2       2
3       1
28      5
247     3
3       1
49      2
52      1
1       3
131     1
1       2
33      7




2494    1
2       2
2       19
659     5
1183    6
2       1
1       8
127     8
6217    1
155     1
14      18
5       1
20447   2
5205    1
1       1
2       6
12      1
1387    1
2       16
2916    3
2059    6
2       11
910     6
366     3
3437    1
2485    9
813     1
8       1
2       2
168     12
13      4
2       14
3       1
49      1
6       1
10      15
13      3
2       3
2       2
1       1
2       1
39      1
1       3
3       7
2       1
40      277
408     2
22      22
2       10
2       1
1       3
108     10
44      6
3       10
3       1
6       1
3       7
2       13
292     1
60      12
22      3
3       1
192     13
3       1
3       1
45      29
8       2
71      2
5       1
8       2
254     1
38      6
103     1
1       1
692     1
2       1
37      1
258     12
2       4
335     3
5       1
36      7
3       1
2       2
737     1
2       1
29      13
1       1
10      1
65      13
3148    2
3       1
3       1
1       3
3       1
11      2
1       2
2       4
2       1
51      1
29      1
1234    1
752     22
908     1
3       1
8       1
25      3
2       17
1       3
3       1
63      21
5       19
4       2
1411    1
2       1
1       2
5       2
2       4
1       2
97      1
4       1
1       2
6       1
1637    1
2       21
28      1
17      2
1       2
3       1
43      9
2       19
7       2
2       18
1       3
1       8
1       14
3       1
4       2
3       1
7       3
2       4
2       23
61      12
111     1
133     21
4       1
1       2
2       24
29      2
2       1
1       1
31      7
1       15
18      1
3       1
2       7
3       10
2       89
32      16
96      1
1       1
2       4
2       1
632     15
111     1
2       1
2       2
118     40
221     14
322     1
27      1
6       1
3       1
32      1
84      5
1       6
1263    21
262     15
455     1
6       2
4       2
1       3
2       1
2       25
3       1
3       1
9       1
35      1
3       1
6       1
2       1
252     1
39      1
5       1
17      1
3       1
1121    6
1       8
685     12
523     5
1       7
245     14
1695    1
2       4
1       3
2       1
1       3
3       1
3       1
18      1
22      29
1       4
26      1
15      1
23      1
7       1
1       1
7       3
15      1
2       1
459     1
41      1
11      1
45      1
1       9
2       22
1       2
33      8
3       15
2       1
2       7
2       1
1       8
2041    12
393     2
8       2
2       2
8       1
12      1
3       1
2       1
38      20
3       1
43      12
3       1
1818    12
232     6
1       6
270     15
224     1
21      5
1       8
354     1
3       4
3       1
5       1
1       2
2       2
1       14
3       1
56      15
289     6
180     1
3       1
2       1
3       1
66      6
32      1
1       1
1       2
4       1
2       2
3       1
3       1
6       1
3       1
807     2
3       5
5       1
47      1
1       7
2       3
1       3
3       1
2       3
1       29
18      14
5       7
57      1
3       25
2       4
4       9
2       1
43      6
1       9
1154    9
15      1
33      8
132     13
2       1
249     12
230     18
229     1
5       1
1       1
3       1
3       11
1       1
3       1
12      1
2       1
30      1
5       1
96      10
29      2
94      35
1       1
5       1
7       2
3       53
76      26
2       1
3       6
1       11
2312    6
99      9
59      4
39      1
29      1
30      1
2       1
1       2
30      1
338     2
41      1
14      3
2       2
2       1
7       1
12      1
5       1
3       1
114     1
148     2
1       1
49      1
51      18
1       2
2       3
15      19
2       1
35      1
1       2
435     1
234     1
3       1
24      1
23      16
2       4
1       2
1       1
2       1
111     101
206     16
1       3
2       1
2       3
2       1
3       1
3       1
3       1
3       3
1       12
1       2
214     11
2       1
451     3
2       1
15      1
521     1
4       1
5       1
93      8
2       1
1       8
234     1
2       7
337     3
1       1
284     13
1       2
111     1
2       13
118     7
1       7
78      2
13      1
2       6
1       1
3162    5
93      1
1       5
71      2
3       4
1       2
1       9
52      2
175     1
2       9
5       3
26      1
163     1
3       1
3       1
3       1
4       5
1       3
2       1
4       2
1       3
288     4
1       5
2       1
1       1
1       38
1782    1
28      1
5       2
1       2
1       129
2       132
2       1
1       9
266     1
413     1
128     11
78      1
2       12
308     17
14      2
2       23
166     11
7       17
3       39
357     36
149     1
3       1
609     12
173     4
99      4
69      1
5       5
1       9
335     8
14      6
1       19
6       7
2       1
3       1
4       10
1       2
1       6
2       1
2       5
14      1
3       2
22      1
1       1
19      2
2       16
324     1
2       2
61      1
543     1
24      1
3       1
4       2
1263    1
7       3
2       1
3       1
1       11
67      1
4       1
3       1
18      1
7       1
1116    1
1       3
819     3
251     2
27      19
2       1
1       6
1746    1
1       2
44      1
1       4
5       1
4       2
3       11
3       1
234     14
82      2
1       2
21      19
21      1
10      1
79      13
1       1
42      2
4       1
3       2
2       2
2       15
2       1
2       1
30      4
1       6
125     12
470     5
5       4
81      5
26      1
2       11
4       46
2       17
1       8
1       8
1       8
1       8
1       8
1       8
1       8
1       8
1       8
1       8
1       8
1       8
1       8
1       8
1       8
1       8
1       8
1       8
1       8
1       8
1       8
1       8
1       8
1       8
1       8
1       8
1       8
1       8
1       8
1       8
1       8
1       8
1       9
342     1
315     1
6       2
1       2
191     2
7       1
7       1
281     2
1       3
2       1
1       5
2       5
113     1
1       2
3       1
3       1
9       1
879     1
2       22
3       1
1       11
9       1
104     15
1       2
1       1
2       16
12      1
3       1
15      14
81      4
3       7
244     5
1       1
1       8
239     14
198     12
3       1
50      13
173     1
4       1
18      1
3       9
105     1
2       1
2       2
1       2
48      5
1       8
265     9
63      3
1       7
2       7
242     5
2       1
8       1
547     1
2       4
6       38
2       4
2       1
3       1
10      13
2       3
35      6
1       63
3       1
1       2
27      1
1       8
28      6
1       10
3       6
37      2
5       29
2       14
4       1
1       9
2       1
121     1
8       16
258     1
1       3
1       2
14      2
2       13
3       1
45      1
5       1
77      1
1       4
178     1
78      1
51      4
32      1
36      1
1       3
151     1
3       1
3       1
10      41
3       1
15      1
5       405
1       7
397     1
6       2
2       6
4       8
41      2
2       2
2       1
15      7
1       11
3       9
1       1
3       1
581     4
3       1
16      5
36      2
2       2
68      4
18      1
1       1
194     8
196     1
374     6
3       7
1825    5
2       10
238     5
1       8
2       1
63      5
10      2
162     15
138     1
23      8
11      1
2       1
1       1
2       1
41      1
1       7
2       1
77      2
2       1
28      1
3       1
4       1
39      1
2       5
86      5
25      5
1       7
2       1
247     3
2       14
1       3
91      3
5       7
38      5
4       1
3       1
3       5
6       3
13      3
5       4
4       5
5       5
1175    3
5       3
81      16
236     17
240     5
2       10
684     1
78      12
75      1
3       1
22      9
89      1
1       3
1       2
4       8
14      13
1       1
385     1
2       7
1       1
3       1
28      8
2       1
14      31
1       1
38      4
2       23
5       2
2       1
9       1
164     1
3       1
3       1
2       2
20      2
4       1
1       1
5       1
89      31
1       24
28      14
15      4
2       1
1       10
21      1
24      1
2       13
28      3
1       12
88      1
3       20
3       9
2       1
3       1
1       1
282     2
769     3
5       1
59      35
5       1
2       1
27      1
1       6
38      16
139     12
196     8
115     5
3       9
3       4
20      13
3       1
25      12
11      1
14      14
34      8
2       1
67      12
181     32
2       5
5       2
8       33
1       1
8       6
1       1
5       1
2       1
62      3
1       1
192     1
5       5
2       10
1153    1
11      1
2       1
2       2
2       1
1       8
1       2
34      1
1       13
4       1
1       1
10      2
8       1
98      16
322     2
3       6
1       6
237     1
73      1
1       4
71      7
6       1
2       1
1       1
23      17
6       1
23      7
7       3
5       6
5       9
7       1
4       7
1       8
19      15
804     1
87      25
2       9
1       11
1       4
2       34
27      1
6       24
3       7
3       1
6       1
3       1
6       25
4       12
238     20
1927    29
3       1
2       8
1       7
121     11
1       29
39      3
1       45
6       1
2       1
1       2
6       1
48      46
3       10
171     1
1       2
405     12
18      5
1       7
3       1
55      43
69      2
3       8
78      7
1       29
1       4
1       8
8       1
17      1
6       1
3       1
25      12
68      2
54      1
8       1
59      44
60      22
5       1
310     13
2       1
305     2
1       9
108     6
1       9
747     12
197     1
1       81
1       2
2       1
6       1
5       1
4       1
13      1
172     1
60      16
1464    1
2       4
361     132
2       1
2       1
2       5
2       1
2       17
1       1
156     1
2       1
4       8
1       1
22      1
5       19
655     2
2       23
5       23
49      21
2       2
4       32
1       1
1       2
5       1
3       1
1       11
2       77
5       2
2       1
3       1
2       4
4       1
4       1
1       1
28      1
1       3
2       14
30      25
20      1
39      5
2       10
388     30
4       2
1       2
2       16
1       1
2       1
46      2
44      57
2       1
5       1
121     16
924     15
31      7
2       1
134     11
54      23
6       1
198     2
3       1
3       10
48      25
3       1
1       3
2       19
2       1
3       1
18      1
2       2
1       24
2       1
2       1
87      29
3       1
41      16
48      7
9       22
30      8
1       1
10      1
6       8
73      5
2       1
3       3
2       14
3       1
137     12
2       1
41      1
1       16
20      9
3       1
3       1
9       17
16      8
26      2
15      4
3       1
3       1
89      17
11      17
2       1
3       1
4       3
2       1
8       2
54      1
3       6
78      37
2       1
21      1
173     16
92      2
16      3
15      1
3       1
25      1
1       1
29      1
2       31
1       1
14      1
44      17
55      2
2       1
12      3
3       1
58      10
20      1
1       2
7       2
126     10
1       1
2       10
28      12
39      22
41      1
3       1
1       9
6       52
2       6
36      1
2       13
257     12
58      13
1       1
1       5
14      7
31      6
19      22
48      1
2       4
3       1
108     1
12      9
1       29
16      3
36      10
15      1
3       16
1       20
69      15
17      6
3       1
5       1
2       1
8       5
15      1
2       2
16      7
8       2
1       3
16      16
42      1
6       3
2       1
6       62
3       1
2       9
3       11
2       1
27      6
1       1
6       1
6       248
1       10
5       1
3       16
1       3
2       1
29      10
1       1
2       14
11      9
6       2
3       1
48      1
2       1
106     2
201     1
527     1
18      1
811     3
536     1
1       1
5       8
73      12
2       1
42      1
6       1
2       1
5       1
1       27
6       1
9       1
3       6
2       25
63      1
4       25
2       2
62      3
4       4
3       10
236     1
503     5
2       7
172     1
4       2
60      1
4       3
5       1
3       1
9       13
2       2
39      3
2       1
1       5
2       3
3       2
12      1
1       1
3       6
2       1
174     1
2       2
81      14
1       1
2       1
2       10
1       2
28      18
3       1
8       13
10      6
2       1
141     6
12      1
89      14
32      1
2       4
1       2
3       2
2       6
50      2
366     1
2       2
108     6
2       1
164     15
436     2
650     2
171     1
36      3
2       1
3       1
1       1
7       14
2       2
30      10
47      4
535     1
2       2
1       2
5       2
9       1
2       1
1       2
63      1
2616    1
2       5
65      1
480     1
225     1
97      3
1       24
2       1
3       1
4       11
18      23
237     5
237     4
30      4
24      2
1158    70
23      6
9       1
95      7
137     8
3       1
5       1
2       2
47      4
72      2
1       3
2       22
27      8
2       18
8       4
92      1
90      7
22      17
8       5
67      12
4       4
1       1
46      9
17      6
1       1
16      1
5       14
70      1
5       17
75      7
137     7
32      1
1       1
36      17
1       9
87      1
2       44
93      16
27      1
5       1
5       16
18      1
2       3
28      1
1       13
2       1
12      1
13      1
2       5
11      24
48      11
59      12
28      4
468     1
9       1
43      1
3       2
1       1
2       1
21      1
1       2
41      2
2       1
3       1
3       2
1       4
3       3
81      12
1       4
3       3
30      1
1       9
1       2
4       1
2       2
3       1
5       1
54      1
6       1
4       1
6       27
8       1
2       1
1       10
2       4
38      1
17      14
3       1
3       1
6       1
27      1
3       24
5       1
2       30
126     4
1       13
63      10
2       12
138     8
151     2
3       1
8       1
291     1
2       15
2       5
18      1
3       1
111     2
2       1
1       2
237     1
2       1
104     1
26      4
18      10
1       1
3       7
43      20
3       22
1       5
2       1
5       1
122     2
2       1
25      20
60      1
38      8
2       2
2       10
39      1
17      20
2       1
12      12
324     4
164     2
2       3
1       8
3       1
30      1
12      1
5       21
7       12
32      4
2       17
3       1
9       25
66      18
2       1
1       1
203     4
8       20
35      2
2       1
5       2
5       1
1       29
2       1
3       1
41      49
42      6
1       19
10      1
1       1
3       15
2       1
45      13
2       10
3       1
3       16
43      8
310     15
1       41
11      17
2       1
72      1
2       12
3       1
3       1
34      2
120     1
2       2
229     5
2       14
143     1
2       11
1       19
1       2
39      3
102     28
101     5
62      21
2728    2
616     1
98      1
21      1
2       1
3       1
1       3
14      1
112     2
1       10
38      1
2       22
34      7
2       1
3       1
107     1
3       26
65      19
2       1
20      3
17      26
4       1
1       1
4       1
34      1
3       1
7       1
3       1
1       15
27      1
50      1
22      2
2       17
36      1
3       1
14      6
7       5
3       10
83      4
1       1
12      1
4       4
163     1
232     1
123     8
29      12
2       1
18      25
2       1
2       31
29      3
2       4
27      1
2       1
3       10
2       1
7       1
2       72
2       44
15      1
2       5
1       12
36      1
2       1
206     17
5       1
52      1
6       1
62      1
4       2
2       2
5       2
13      2
1       1
5       1
2       1
9       1
3       1
1       3
2       1
5       1
3       1
4       2
2       17
1       8
2       1
4       3
5       1
3       18
343     1
143     27
106     3
117     19
180     1
7       1
16      3
1       1
3       1
6       2
1       20
85      1
2       1
4       2
1       1
61      1
18      1
90      1
32      2
2       6
2       2
269     2
1       3
3       1
2       1
1       6
4       1
1       7
3       1
16      1
1       1
5       1
3       7
3       2
1       3
4       2
1       1
3       6
4       2
16      1
3       1
3       1
1000    1
3       1
1       8
2       2
3       1
12      1
88      1
5       3
2       3
1       1
1       29
2       1
1090    1
120     3
239     2
12      2
186     1
2       2
1069    1
9       2
2       2
1       4
94      1
2       17
1       2
12      1
15      2
29      1
7       6
2       1
2       1
13      1
7       1
1       5
3       1
19      1
3       1
36      1
28      4
1       1
3       2
4       15
484     29
16      5
1       9
333     1
67      1
2       13
1       7
32      14
40      1
2       6
2       1
41      1
145     626
264     12
594     5
1       8
483     15
1534    1
2       1
3       1
3       2
3       1
4       2
1       2
99      1
2       1
3       1
61      1
1       2
122     1
7       2
2       1
6       1
423     1
43      13
234     31
35      5
51      1
69      1
2       1
168     1
3       6
1       3
5       4
3       1
3       28
1       8
2       1
6       1
3       22
2       2
3       1
7       1
1       1
29      4
5       7
851     1
612     1
3       1
327     12
15      11
31      2
48      7
1       2
1       3
2       1
4       38
2       1
53      2
69      1
2       2
1       3
2       4
1       1
24      2
1       1
3       29
3       2
40      11
3       1
2       1
1       1
68      6
48      16
51      12
22      1
2       10
12      15
102     1
114     1
2       28
1       3
6       1
2       1
3       1
2       1
2       2
2       1
53      1
1       7
1       8
106     1
113     2
1       14
63      16
1       1
87      1
6       3
26      20
3       15
65      1
123     67
1       3
85      1
1       2
4       21
1       1
22      1
6       1
19      2
6       1
2       1
18      1
2       4
1       1
39      14
645     13
1329    1
12      2
3       1
3       2
3       1
20      2
105     1
37      3
2       4
63      6
48      1
2       1
45      1
3       1
70      30
9       1
215     6
8       4
1       2
321     2
3       2
6       22
3       1
2       1
26      32
4       2
4       63
7       40
22      5
2       1
1       1
30      14
3       10
44      1
2       26
39      6
2       1
2       2
4       2
1       1
3       1
4       1
16      13
10      23
2       1
22      72
8       1
1       1
21      7
1       2
3       6
72      24
1       2
12      10
42      3
8       1
1       3
18      15
114     22
194     14
84      17
2       3
2       5
22      38
28      1
2       1
37      9
9       1
7       1
15      5
2       1
3       1
2       1
2       2
1       2
33      1
5       11
94      3
165     25
21      38
2       1
33      1
2       52
5       1
1       2
1       1
2       14
2       3
2       97
2       7
96      1
1       3
13      11
104     16
10      44
2       2
1       1
70      18
2       3
141     1
2       1
4       3
2       5
5       1
3       1
85      1
126     1
4       1
5       1
2       1
2       2
4       1
2       1
16      3
65      15
18      1
4       41
31      10
4       2
2       14
1       3
3       1
8       16
7       8
20      21
1       23
2       7
1       6
61      18
155     12
401     22
28      14
6       1
64      1
3       5
1       1
21      21
111     1
5       1
2       1
1       6
26      21
1       1
7       9
11      3
1       1
6       1
497     9
1       4
2       1
410     10
60      1
23      12
8       1
1       3
2       4
13      27
12      1
2       1
4       3
39      12
1       2
12      1
2       9
31      1
4       9
2       1
7       1
2       13
14      35
17      13
2       1
37      8
2       2
1       2
1       1
2       1
24      12
88      1
2       1
50      6
1       7
2       1
86      1
1       11
1       1
576     2
2       11
21      1
413     1
3       2
1       11
3       1
2       2
9       1
3       2
1       1
3       1
2       1
9       3
1       40
11      1
19      2
8       16
861     1
521     2
2       1
53      2
3       11
97      11
69      2
1       56
5       13
6       11
1       1
2       1
7       11
1       33
29      1
9       1
10      1
3       1
3       1
3       2
40      14
2       1
25      3
14      1
21      1
1       6
128     4
30      1
5       12
3       40
16      37
3       1
2       10
1       1
2       35
1       2
2       14
2       1
1       3
4       1
5       2
10      5
9       1
1       2
26      21
3       4
30      15
70      4
51      7
2       1
1       3
44      18
4       13
12      13
212     17
144     32
47      13
2       4
1       1
2       11
6       2
84      1
1       8
147     22
304     36
2       5
13      1
4       1
2       9
1       20
178     1
10      4
5       2
3       1
6       1
7       1
14      15
18      1
3       1
155     6
1       8
2       36
9       1
1       1
2       10
2       1
1       2
1       6
2       1
35      8
17      19
61      2
6       1
24      6
52      7
14      12
72      5
1       1
50      6
81      1
41      13
389     8
2       1
256     5
1       14
35      9
100     7
26      1
42      6
19      14
5       2
3       5
13      4
6       3
2       19
4       1
2       1
2       1
10      9
40      1
8       13
1       2
2       13
2       5
3       1
57      5
2       10
19      5
1       6
3       1
2       10
219     16
55      1
5       1
1       2
2       1
1       2
1       6
2       1
3       1
129     1
2       2
2       1
103     9
3       12
3       3
2       5
3       1
3       36
21      66
1       2
15      1
63      1
3       1
3       1
9       24
2       2
2       1
4       18
3       1
3       17
2       10
36      7
72      6
29      7
82      5
15      4
2       8
14      1
4       1
3       21
2       1
1       8
247     42
5       64
21      3
2       17
16      5
23      1
3       1
1       2
84      1
5       5
3       8
142     3
3       1
1       9
126     1
6       52
12      18
20      78
8       102
1       10
409     1
381     7
32      13
469     9
5       25
1       45
2       25
5       16
37      31
57      1
2       16
2       112
2       8
3       7
4       4
193     6
39      15
1       2
105     2
68      59
102     23
6       5
5       6
2       1
9       19
15      1
5       1
254     1
3       3
94      10
64      11
289     1
1       22
2       33
27      2
3       5
3       4
1       33
48      1
2       13
2       5
9       1
1       1
23      5
3       2
51      1
2       1
1       13
3       2
2       6
1       9
32      1
1       33
5       17
20      1
2       4
1       1
4       1
23      5
22      3
2       1
3       1
55      10
4       12
115     1
2       2
1       4
4       2
2       40
1       2
1       38
1       2
1       24
2       2
60      1
53      1
23      22
2       2
2       1
2       4
37      11
306     15
2       1
336     6
3       1
3       27
2       49
1       3
3       1
29      2
2       4
1       16
2       3
21      22
5       2
6       2
1       2
1       2
9       1
2       1
9       1
2       2
36      1
2       33
1       3
2       16
200     3
1       1
20      12
219     91
5       1
2       38
2       39
1       1
8       1
2       2
9       1
9       3
2       1
6       1
4       4
1       4
4       1
3       1
3       1
2       1
2       1
2       1
2       2
2       1
3       1
2       1
1       1
2       2
2       1
6       3
1       3
2       1
7       4
2       10
53      11
14      2
12      1
23      1
1       3
3       2
107     30
2       1
43      1
2       7
1       18
2       1
3       1
2       1
2       1
2       1
1       1
2       3
3       1
2       2
1       3
4       3
2       1
4       2
1       1
341     1
185     1
8       1
6       1
88      2
39      6
8       1
5       2
1       12
12      1
19      1
13      1
2       1
7       2
2       19
1       1
29      1
3       1
2       1
6       1
4       27
212     4
2       141
3       7
249     26
2       2
5       1
2       4
3       4
71      1
9       4
56      4
30      1
21      19
2       8
1       8
2       8
1       8
2       8
1       8
2       8
1       8
2       8
2       8
1       8
2       8
1       8
2       8
1       8
2       8
1       8
1       8
2       8
1       8
1       8
2       8
1       8
2       8
2       8
1       8
1       8
2       8
1       8
2       8
1       8
2       8
1       8
2       8
1       8
2       8
2       8
1       8
2       8
1       8
2       8
1       8
1       9
3505    1
14      1
2       1
4       17
2       2
17      1
7       1
63      1
2       1
13      1
2       57
1       24
12      1
4       1
1       1
26      14
948     1
4       1
2       2
2       1
2       1
3       1
8       1
136     1
923     11
2       21
2       11
2       2
13      2
4       1
2       2
2       13
2       1
1       1
733     1
43      1
67      2
2       1
68      2
3       1
100     1
65      1
17      1
60      1
3       5
2       1
5       1
3       1
3       1
12      1
46      2
1       21
6       70
7       2
34      13
104     1
92      49
1       13
2       7
2       1
7       2
2       1
13      1
6       2
1       3
12      3
2       47
2       1
2       3
3       80
3       87
2       8
2       8
2       8
1       8
2       8
1       8
2       8
1       8
1       8
2       8
1       8
2       8
1       8
2       8
1       8
2       8
1       8
2       8
1       8
2       8
1       8
2       8
1       8
2       8
2       8
1       8
1       8
2       8
1       8
2       8
1       8
2       14
2       1
5       1
72      1
2       1
17      1
6       1
23      1
13      3
65      1
10      3
5       1
1       4
5       1
2       1
95      2
3       16
1       9
248     16
302     1
4       1
7       1
2       1
123     1
714     1
23      1
3       1
2       1
24      1
68      1
2       1
36      1
5719    2
25      1
1       1
4       2
12      1
49      2
2       1
20      2
29      1
2       1
2       2
3       5
2       3
12      1
17      1
56      1
31      1
4       14
313     5
2       7
1714    1
37      1
663     1
15      1
1       9
2       24
1       1
2       1
4       3
7       1
6       1
5       1
3       1
37      6
2       2
2       63
2       1
2       2
1       18
3       27
2       1
2       1
9       1
7       11
3       12
2       4
1       1
2       1
2       1
2       23
1       6
1       3
2       25
3       1
2       1
6       1
6       2
13      1
6       3
2       1
2       2
1       41
1       15
2       1
2       2
1       6
2       1
3       1
2       76
3       31
2       3
2       2
9       1
1       1
4       1
2       1
1       1
2       2
3       1
9       6
2       1
6       1
1       1
3       8
2239    1
29      1
2       1
1       1
2       1
2       1
3       1
6       1
4       1
22      4
2       1
3       4
338     1
2       1
9       1
3       3
1105    3
5       1
1       6
2       3
1       1
2       5
2       15
1       16
2       12
2       2
1       3
2       1
1       4
2       2
5       1
2       2
2       1
2       1
15      1
5       4
1       1
5       133
20      1
3       14
3       1
5       1
2       1
3       1
44      1
4       1
178     1
4       13
693     1
26      1
48      1
2       1
4       431
1       5
5       2
2       1
1       1
4       1
3       1
2       1
6       1
3       6
2       8
2       4
1       1
2       3
1       1
8       1
2       1
3       1
8       1
3       1
3       2
3       1
2       1
3       1
4       2
1       3
3       1
7       1
1       1
2       1
41      1
3       1
34      1
6       13
2       1
2       1
268     37
41      1
6       1
2       1
2       1
14      4
3       1
2       1
1       4
3       2
1       4
4       2
2       1
6       1
4       1
9       2
1       1
3       2
1       4
1       4
138     1
16      14
286     5
1       17
129     4
2       1
3       1
2       4
2       1
2       4
2       3
3       2
2       2
6       1
5       1
5       1
6       4
8       1
23      1
38      1
655     1
22      1
12      1
207     1
6       9
1       5
501     5
1       7
546     1
6       1
149     1
7       5
2       2
1       1
4       1
2       2
1       3
1       3
125     12
236     5
2       7
2985    1
40      1
102     59
1       4
3       2
4       7
1       9
