
Error_free_burst	Error_burst


2	4744
92	35
293	107
323	1
160	1
190	140
146	1
87	1
98	79
128	17
142	36
528	1
91	73
166	90
179	81
362	1106
128	1804
182	658
162	23510
110	10
103	438
118	679
618	23
962	332
169	194
781	91
284	21
411	362
475	559
192	179
126	22
145	46
180	23
92	873
82	1
86	90
111	1
102	73
88	1689
506	1
127	178
88	1
162	12
119	178
160	153
224	1
96	1
200	1
176	82
101	1
85	69
116	11
160	1
342	1
135	1
105	513
85	1
137	2
211	240
102	1
86	169
115	8
89	46
148	1
81	63
133	13
279	1
158	1
297	58
124	61
134	2
120	39
186	80
208	418
92	28
181	44
92	1
161	1
200	81
158	101
112	130
91	1
111	1
125	66
191	273
740	30
1583	78
2064	190
577	1
1509	41
1049	1
1244	1
434	87
62287	1
81493	1
9903	9
294	1
114	8
832	505
101	116
198	185
95	2
829	351
107	80
592	1
301	256
139	139
351	20
687	1
263	176
207	38
187	26
117	99
102	525
101	1
245	221
145	123
161	1
791	124
117	1
289	1
230	1
477	8535
672	1
4860	250
148	99
194	1
675	25
2465	1
1141	2
718	1
6867	1
5743	1
14512	1
186	1
2047	95
1148	1
120	50
215	1
227	9
1292	1
