File name: RLtrace2.txt 
Downlink Channel Characterization.
 
good    bad 
2	5 
41	1 
38	1 
7	1 
7	1 
11	1 
4	1 
6	1 
7	1 
17	1 
34	1 
1	1 
8	1 
5	1 
4	2 
12	1 
27	1 
7	1 
4	1 
31	1 
16	1 
5	1 
4	1 
20	1 
22	1 
23	6 
31	1 
2	1 
2	1 
8	1 
28	1 
12	1 
49	1 
12	1 
5	1 
1	1 
12	1 
40	1 
15	1 
9	1 
5	1 
1	1 
26	1 
7	1 
26	1 
19	1 
3	1 
24	1 
5	1 
13	1 
4	1 
18	1 
18	1 
12	1 
35	1 
22	1 
1	1 
21	1 
1	1 
1	1 
4	1 
29	1 
1	1 
2	2 
33	5 
8	1 
15	1 
3	1 
9	1 
37	1 
31	1 
4	1 
4	1 
3	1 
23	1 
4	1 
17	1 
2	1 
9	1 
10	1 
2	3 
9	1 
34	2 
34	1 
2	1 
9	1 
5	1 
36	1 
1	1 
4	1 
3	1 
1	1 
3	1 
38	1 
10	1 
44	1 
14	1 
12	1 
3	1 
57	1 
8	1 
22	1 
2	1 
2	1 
6	1 
2	1 
3	1 
16	1 
9	1 
15	1 
28	1 
6	1 
4	1 
1	1 
3	1 
26	2 
14	1 
4	1 
1	1 
27	1 
2	1 
2	1 
6	1 
5	1 
8	1 
19	1 
11	1 
15	1 
2	1 
2	1 
14	1 
9	1 
6	1 
5	1 
14	2 
1	1 
2	1 
27	1 
1	1 
7	1 
1	1 
4	1 
27	1 
5	1 
20	1 
13	1 
5	4 
15	1 
20	2 
5	1 
16	1 
5	1 
28	1 
4	1 
5	1 
10	1 
39	1 
2	1 
6	1 
1	2 
5	1 
5	1 
2	5 
2	6 
32	1 
22	1 
1	2 
4	1 
12	1 
1	1 
9	1 
17	2 
9	1 
1	1 
20	1 
22	11 
27	1 
13	1 
8	1 
8	1 
1	1 
1	1 
1	1 
20	1 
6	1 
1	1 
5	1 
16	1 
2	1 
9	1 
7	1 
1	1 
1	1 
47	1 
1	1 
5	1 
3	1 
1	2 
1	1 
3	1 
8	1 
1	1 
47	1 
1	1 
5	1 
18	1 
3	1 
6	1 
7	1 
45	1 
6	1 
25	2 
3	1 
2	1 
14	1 
1	1 
9	1 
1	1 
20	1 
3	1 
43	1 
3	1 
9	1 
3	1 
7	1 
23	1 
6	1 
1	1 
1	1 
6	1 
17	1 
16	1 
3	1 
37	1 
29	1 
2	3 
7	1 
64	1 
49	1 
14	1 
7	1 
3	1 
10	1 
15	1 
2	1 
27	1 
34	1 
1	1 
1	1 
5	1 
1	1 
2	1 
27	1 
33	1 
1	2 
1	1 
28	1 
54	1 
23	1 
7	1 
60	1 
9	2 
36	1 
3	1 
3	1 
55	1 
43	1 
1	2 
12	1 
2	1 
10	1 
20	1 
6	1 
27	1 
10	1 
2	1 
6	1 
46	1 
4	1 
13	1 
5	1 
11	1 
1	1 
5	1 
5	1 
54	1 
14	1 
2	1 
14	1 
17	1 
1	1 
14	1 
5	1 
3	1 
12	1 
44	1 
9	1 
2	1 
30	1 
2	1 
17	3 
4	1 
7	1 
45	1 
1	1 
26	1 
21	1 
3	1 
26	1 
2	1 
46	3 
37	4 
4	4 
24	1 
79	1 
2	1 
33	1 
1	1 
1	1 
24	1 
22	2 
7	1 
5	1 
10	1 
13	1 
2	1 
8	1 
36	1 
34	1 
18	1 
52	1 
2	1 
31	1 
38	1 
15	1 
34	1 
2	1 
8	1 
3	1 
36	1 
25	1 
127	1 
81	1 
11	1 
3	1 
4	1 
3	1 
88	1 
59	1 
1	3 
2	1 
8	1 
13	1 
5	1 
10	1 
18	1 
25	1 
3	1 
17	1 
6	1 
2	5 
1	1 
10	1 
13	1 
63	1 
10	1 
9	1 
1	1 
13	1 
41	1 
12	1 
29	1 
57	1 
49	1 
10	2 
2	2 
33	1 
23	1 
1	1 
1	3 
4	1 
9	1 
14	1 
29	1 
26	1 
12	1 
50	1 
11	1 
7	1 
2	1 
10	1 
6	1 
2	1 
1	1 
2	1 
64	1 
6	1 
34	1 
14	1 
2	1 
4	1 
5	1 
9	1 
7	1 
11	1 
1	1 
7	1 
6	1 
7	1 
7	1 
5	1 
2	1 
10	1 
2	1 
1	1 
21	9 
59	1 
16	1 
17	1 
10	1 
8	1 
4	1 
6	1 
9	1 
2	1 
22	1 
6	1 
2	1 
32	1 
2	1 
2	1 
13	1 
38	5 
3	5 
34	1 
7	1 
26	1 
7	1 
8	1 
4	1 
2	1 
2	1 
5	1 
3	1 
23	1 
29	1 
4	1 
31	1 
5	1 
28	1 
3	1 
26	1 
44	1 
29	1 
6	1 
14	1 
46	1 
3	1 
13	1 
17	1 
9	1 
20	1 
17	3 
5	1 
5	1 
22	1 
10	1 
11	1 
17	1 
15	1 
9	1 
43	1 
51	1 
26	1 
1	1 
13	1 
1	1 
16	1 
1	4 
6	1 
3	1 
81	1 
16	1 
32	1 
15	1 
7	1 
10	1 
4	1 
1	1 
3	1 
49	1 
20	4 
27	1 
9	1 
1	1 
68	1 
30	1 
39	1 
7	1 
44	1 
38	1 
1	1 
7	1 
27	1 
26	1 
28	1 
2	1 
26	2 
14	1 
20	1 
7	1 
81	1 
37	1 
2	1 
8	1 
3	1 
17	1 
16	1 
40	1 
10	1 
10	1 
8	1 
9	1 
2	1 
8	8 
69	1 
43	1 
1	1 
8	1 
17	1 
12	1 
40	1 
16	1 
1	1 
18	1 
5	1 
2	1 
21	1 
16	1 
11	1 
5	1 
66	1 
16	2 
4	1 
11	1 
9	1 
13	1 
2	1 
21	1 
23	1 
8	5 
3	5 
24	1 
44	1 
30	1 
11	2 
23	1 
20	1 
18	1 
1	2 
9	1 
27	1 
24	1 
2	1 
11	1 
16	1 
7	1 
7	1 
1	1 
5	1 
2	1 
2	1 
1	1 
1	1 
21	1 
2	1 
24	1 
2	1 
13	1 
6	2 
21	1 
10	1 
12	1 
34	1 
6	1 
22	1 
2	1 
1	2 
11	1 
15	1 
9	2 
2	1 
23	1 
24	1 
3	1 
1	1 
8	1 
9	1 
7	1 
8	1 
23	1 
5	1 
17	1 
26	1 
7	1 
4	1 
14	1 
36	1 
4	1 
1	1 
19	1 
2	1 
3	1 
30	1 
4	1 
26	1 
31	1 
33	1 
7	1 
37	1 
3	1 
7	1 
7	1 
15	1 
86	1 
48	1 
14	1 
5	1 
8	1 
21	1 
51	1 
42	1 
14	1 
1	1 
3	1 
6	1 
7	1 
8	1 
5	1 
5	1 
7	1 
7	1 
36	1 
26	1 
1	1 
31	1 
24	10 
41	1 
5	1 
2	1 
1	1 
18	1 
1	1 
21	1 
34	1 
41	1 
1	1 
11	1 
23	1 
1	1 
38	1 
8	1 
13	1 
105	1 
17	1 
11	1 
13	1 
6	1 
9	1 
3	1 
3	1 
58	1 
1	1 
72	1 
15	1 
2	1 
1	1 
5	1 
1	1 
67	1 
3	1 
3	1 
18	5 
3	4 
31	1 
9	2 
16	1 
135	1 
1	1 
1	1 
2	1 
60	1 
6	1 
38	1 
21	1 
4	1 
1	1 
31	1 
17	1 
16	1 
43	1 
44	1 
5	1 
3	1 
3	1 
1	1 
53	1 
27	1 
8	1 
24	1 
1	1 
4	1 
7	1 
3	1 
10	1 
44	1 
1	2 
1	1 
29	1 
30	1 
20	1 
4	2 
20	1 
24	1 
78	1 
14	1 
51	1 
19	1 
4	1 
27	2 
3	5 
17	1 
29	1 
2	1 
34	1 
16	1 
4	1 
2	1 
29	1 
32	2 
63	1 
12	1 
15	12 
13	1 
36	1 
27	1 
11	1 
27	1 
39	1 
11	1 
3	1 
2	1 
4	1 
18	1 
1	1 
1	1 
26	1 
6	1 
18	1 
41	1 
53	2 
8	1 
10	1 
27	1 
1	1 
21	1 
16	1 
27	1 
20	1 
7	1 
1	2 
1	1 
1	1 
10	1 
9	1 
21	1 
50	1 
19	1 
28	1 
6	1 
23	1 
4	1 
5	1 
1	1 
35	1 
6	1 
18	1 
24	1 
16	1 
3	1 
4	1 
46	1 
7	1 
24	1 
11	5 
3	4 
27	1 
91	2 
1	1 
3	1 
17	1 
5	1 
6	1 
24	1 
13	1 
27	1 
10	1 
1	1 
5	1 
20	1 
3	2 
9	1 
2	1 
16	2 
24	1 
26	1 
15	1 
67	1 
5	1 
11	1 
8	1 
10	1 
4	1 
1	1 
46	1 
8	2 
11	1 
1	1 
8	1 
1	1 
39	1 
1	1 
50	1 
1	1 
2	1 
52	1 
10	1 
1	3 
46	1 
58	1 
2	1 
19	1 
62	1 
33	1 
13	1 
23	1 
54	1 
1	1 
8	1 
24	7 
28	1 
22	1 
39	1 
1	1 
1	1 
63	1 
34	1 
38	2 
1	1 
20	1 
78	1 
64	1 
1	1 
85	1 
43	1 
104	1 
29	1 
14	1 
12	1 
1	1 
9	1 
67	1 
14	1 
53	1 
14	1 
21	1 
11	1 
11	1 
5	1 
12	1 
7	1 
1	1 
4	1 
5	1 
2	1 
2	1 
26	2 
4	1 
21	1 
2	1 
33	1 
5	1 
3	1 
1	3 
46	1 
8	1 
18	5 
3	4 
52	2 
16	2 
41	1 
1	1 
19	1 
1	1 
6	4 
13	1 
3	1 
5	1 
1	1 
59	1 
4	1 
5	1 
2	1 
6	1 
1	1 
14	1 
6	1 
5	1 
37	1 
1	2 
28	1 
1	1 
26	1 
3	1 
20	1 
6	1 
3	1 
8	1 
4	1 
1	1 
17	1 
15	1 
1	1 
38	1 
1	1 
42	1 
9	1 
16	1 
1	1 
41	1 
15	1 
36	1 
21	1 
1	1 
7	1 
3	2 
3	1 
37	1 
66	12 
13	4 
5	1 
3	1 
8	1 
65	1 
16	1 
42	1 
36	3 
12	1 
35	1 
4	1 
14	1 
1	1 
25	1 
2	1 
47	1 
31	1 
5	1 
34	1 
48	2 
40	1 
20	1 
9	1 
23	1 
25	1 
1	1 
4	1 
1	1 
1	1 
32	1 
2	1 
22	1 
2	1 
16	1 
3	1 
4	1 
68	1 
27	1 
77	3 
5	1 
13	1 
12	1 
31	1 
51	1 
17	1 
18	1 
3	1 
39	1 
7	1 
9	1 
7	1 
13	1 
13	1 
93	1 
6	1 
53	1 
13	1 
1	1 
31	1 
13	1 
21	1 
18	5 
4	3 
32	1 
13	1 
1	1 
3	1 
18	1 
1	1 
2	1 
7	1 
38	1 
3	1 
2	1 
19	1 
1	1 
1	1 
44	1 
1	1 
11	1 
1	1 
4	1 
1	1 
12	1 
11	1 
1	1 
28	1 
1	1 
4	1 
2	1 
35	1 
3	1 
18	1 
7	1 
11	1 
1	1 
16	1 
18	1 
3	1 
37	1 
16	1 
9	1 
1	1 
16	1 
4	1 
11	1 
1	1 
2	1 
42	1 
3	1 
12	1 
26	1 
3	7 
35	1 
16	1 
11	1 
1	1 
2	1 
27	1 
9	1 
8	2 
6	1 
3	1 
1	1 
23	1 
6	1 
13	1 
13	1 
21	1 
7	1 
1	1 
8	1 
1	1 
10	1 
36	1 
2	1 
5	1 
2	1 
29	1 
1	1 
4	1 
17	1 
5	1 
19	1 
2	1 
6	1 
3	1 
28	1 
18	1 
1	1 
10	1 
1	5 
37	1 
1	1 
5	1 
2	2 
1	1 
3	1 
34	1 
39	1 
15	1 
19	1 
19	2 
7	1 
19	1 
4	2 
6	1 
26	2 
24	1 
6	1 
4	1 
21	1 
1	1 
17	1 
4	1 
29	1 
1	1 
1	1 
30	1 
9	1 
1	1 
3	1 
15	1 
17	1 
2	1 
3	1 
32	1 
17	1 
3	1 
3	1 
38	1 
50	1 
1	1 
1	1 
5	2 
4	1 
38	1 
15	1 
32	1 
5	1 
22	1 
2	1 
1	2 
59	1 
20	1 
7	1 
8	1 
4	1 
30	1 
13	1 
29	1 
31	1 
8	1 
13	2 
19	1 
36	1 
46	1 
32	1 
3	1 
6	1 
8	5 
3	4 
20	1 
10	1 
1	1 
3	1 
16	1 
1	1 
18	1 
39	1 
2	1 
32	1 
9	1 
1	1 
2	1 
47	1 
56	1 
2	1 
14	1 
5	1 
15	1 
61	7 
58	1 
1	1 
2	1 
4	1 
32	1 
1	2 
112	1 
1	1 
15	1 
1	1 
36	1 
40	1 
43	1 
29	1 
7	2 
12	3 
49	1 
14	1 
37	1 
14	1 
3	1 
1	1 
1	1 
22	1 
59	1 
18	1 
1	1 
3	1 
2	1 
19	1 
2	1 
2	1 
39	1 
1	1 
1	1 
42	2 
2	1 
5	1 
49	1 
5	1 
25	1 
24	1 
4	1 
2	1 
22	1 
26	1 
65	1 
3	1 
82	1 
1	1 
17	2 
3	1 
57	1 
1	1 
120	1 
4	1 
2	1 
31	1 
64	2 
7	1 
25	5 
10	1 
74	1 
30	1 
3	1 
6	1 
26	1 
2	2 
3	1 
1	1 
4	1 
2	1 
28	1 
26	1 
1	1 
51	3 
1	1 
2	1 
9	1 
7	1 
29	1 
6	1 
3	1 
3	1 
7	1 
3	1 
4	4 
30	4 
4	4 
35	1 
34	1 
68	4 
159	1 
23	1 
5	4 
56	1 
4	1 
32	1 
6	4 
14	1 
17	1 
68	1 
19	1 
6	1 
20	1 
1	1 
1	1 
16	1 
4	1 
30	1 
30	1 
17	1 
1	1 
5	1 
49	1 
102	1 
43	1 
32	1 
40	1 
10	1 
5	1 
45	1 
2	1 
52	1 
1	1 
13	1 
65	1 
7	1 
12	1 
11	1 
54	1 
1	3 
1	1 
12	1 
30	1 
1	1 
12	1 
7	1 
7	1 
2	1 
15	1 
24	1 
10	1 
19	1 
17	1 
1	1 
35	1 
12	1 
40	1 
9	1 
41	1 
6	1 
29	1 
15	1 
14	1 
48	1 
56	3 
40	1 
32	1 
52	1 
1	1 
31	1 
89	1 
24	1 
75	1 
4	1 
7	1 
16	6 
7	1 
29	2 
43	4 
4	3 
27	1 
1	2 
2	1 
14	1 
53	1 
9	1 
24	1 
3	1 
15	1 
1	1 
21	1 
36	1 
92	1 
23	1 
3	1 
10	1 
14	3 
19	1 
21	1 
1	2 
18	1 
7	1 
4	1 
52	1 
10	2 
16	1 
3	1 
13	1 
5	1 
2	1 
2	1 
1	1 
2	1 
37	1 
17	1 
23	1 
1	1 
45	1 
21	1 
28	1 
22	1 
2	1 
1	1 
16	4 
11	1 
38	1 
2	1 
7	1 
38	1 
24	1 
4	1 
56	1 
2	1 
56	1 
14	2 
1	1 
13	1 
15	1 
40	1 
32	1 
4	1 
13	1 
7	1 
5	1 
3	1 
2	1 
35	1 
26	1 
40	1 
47	1 
2	1 
42	1 
1	1 
2	1 
36	1 
14	1 
37	1 
6	1 
1	1 
7	1 
2	1 
24	1 
18	1 
65	1 
39	1 
1	1 
21	1 
6	1 
8	1 
2	1 
1	1 
1	1 
12	1 
6	1 
8	1 
1	1 
10	1 
2	1 
26	1 
2	1 
23	1 
5	1 
12	1 
43	1 
16	6 
120	1 
11	1 
60	1 
4	1 
22	1 
33	1 
21	1 
16	1 
35	5 
3	4 
54	4 
10	1 
72	1 
3	2 
3	1 
2	1 
4	2 
2	1 
85	1 
10	1 
22	1 
27	1 
8	1 
50	1 
38	1 
18	1 
1	1 
33	1 
53	1 
2	3 
43	4 
41	1 
8	1 
65	1 
52	1 
8	1 
27	1 
11	1 
5	1 
20	1 
1	2 
17	1 
39	1 
17	1 
7	1 
4	1 
38	1 
1	1 
2	1 
1	1 
2	1 
66	1 
4	1 
4	1 
2	1 
8	1 
3	1 
1	1 
11	1 
11	1 
2	2 
12	1 
3	1 
18	1 
3	1 
6	1 
34	1 
27	5 
12	1 
11	1 
27	1 
1	1 
4	1 
38	1 
13	1 
5	1 
4	1 
35	1 
8	1 
34	1 
13	1 
15	1 
30	1 
39	1 
2	1 
2	1 
17	1 
17	1 
12	1 
24	1 
2	1 
6	1 
40	1 
3	1 
15	1 
5	1 
4	1 
13	1 
1	2 
1	2 
3	1 
77	1 
20	1 
28	2 
4	1 
15	1 
11	1 
11	1 
4	1 
2	3 
26	1 
3	1 
2	3 
2	1 
24	1 
3	1 
3	1 
23	1 
10	1 
3	1 
52	1 
7	1 
14	1 
18	1 
46	1 
15	1 
10	1 
8	1 
1	1 
30	1 
1	1 
6	1 
6	1 
3	1 
2	4 
4	3 
1	1 
1	1 
5	1 
33	1 
63	1 
9	1 
53	1 
6	1 
20	1 
9	1 
3	1 
3	1 
1	1 
2	1 
43	1 
23	1 
1	2 
1	1 
18	1 
4	1 
6	1 
11	2 
20	1 
19	1 
3	1 
24	1 
8	1 
13	1 
1	1 
11	1 
12	5 
16	1 
32	1 
10	1 
64	1 
4	1 
11	1 
2	1 
18	2 
1	1 
2	1 
1	1 
1	1 
6	2 
16	1 
3	1 
18	3 
2	1 
6	1 
12	1 
4	1 
66	1 
51	1 
1	2 
16	1 
43	1 
59	1 
49	1 
21	1 
5	1 
8	1 
21	1 
6	1 
3	1 
3	1 
7	1 
13	1 
48	1 
11	1 
13	1 
25	1 
2	1 
1	2 
21	1 
2	1 
24	1 
15	1 
4	1 
1	1 
11	1 
20	1 
2	1 
10	1 
17	1 
2	1 
21	1 
23	10 
23	1 
5	1 
4	1 
5	1 
4	1 
12	1 
17	1 
3	1 
28	1 
13	1 
1	1 
10	2 
6	1 
17	1 
7	1 
1	1 
43	1 
5	1 
2	1 
31	1 
6	1 
1	1 
25	1 
5	4 
25	1 
17	1 
1	1 
13	1 
1	1 
39	1 
1	1 
1	1 
2	1 
11	1 
20	1 
8	1 
1	2 
2	1 
5	1 
20	1 
1	1 
14	1 
4	1 
14	1 
1	1 
3	1 
21	1 
5	1 
30	1 
22	1 
15	1 
3	1 
5	1 
15	1 
1	1 
2	1 
7	1 
8	1 
36	1 
3	1 
20	1 
20	2 
19	1 
19	5 
4	4 
1	1 
44	1 
27	1 
17	1 
1	1 
50	1 
62	1 
1	1 
3	1 
16	1 
13	1 
9	1 
3	2 
1	1 
2	1 
3	2 
65	1 
2	1 
6	1 
3	1 
13	1 
13	1 
1	2 
25	2 
19	1 
1	1 
3	1 
15	1 
27	1 
4	1 
1	2 
34	2 
4	1 
27	1 
14	1 
2	1 
77	1 
3	1 
1	1 
7	1 
14	1 
18	1 
38	1 
7	1 
5	1 
2	2 
3	1 
6	1 
36	1 
4	1 
1	2 
1	1 
37	2 
9	1 
19	1 
8	1 
2	1 
2	1 
1	1 
13	1 
11	1 
2	1 
1	1 
4	1 
42	1 
1	1 
6	1 
3	1 
33	1 
7	1 
8	1 
48	1 
4	1 
6	1 
20	1 
4	1 
23	1 
18	12 
14	2 
15	1 
20	1 
27	1 
2	1 
5	1 
7	1 
1	1 
2	1 
1	1 
9	1 
12	1 
5	1 
6	1 
11	1 
20	1 
15	1 
18	1 
1	3 
1	1 
18	1 
2	1 
12	1 
25	1 
1	1 
34	1 
2	3 
8	2 
1	1 
1	1 
24	1 
1	1 
9	2 
7	1 
3	1 
10	1 
11	1 
10	1 
2	1 
10	1 
18	2 
1	1 
17	1 
6	1 
58	1 
3	1 
1	1 
27	1 
8	1 
16	1 
5	1 
1	1 
1	1 
10	1 
16	3 
27	1 
19	1 
1	1 
9	1 
39	1 
12	1 
35	4 
5	1 
4	1 
16	1 
17	1 
1	1 
8	2 
1	1 
29	1 
3	1 
2	1 
13	1 
8	1 
29	1 
1	1 
9	1 
4	1 
13	1 
1	1 
5	1 
26	1 
9	4 
4	3 
25	1 
31	3 
2	1 
5	1 
27	1 
2	1 
3	1 
24	1 
3	1 
12	1 
10	1 
17	1 
16	1 
2	1 
2	1 
2	1 
16	1 
5	1 
23	1 
6	1 
11	1 
5	1 
3	1 
8	1 
13	1 
12	1 
1	1 
4	1 
9	1 
4	1 
1	1 
2	2 
22	1 
17	1 
1	1 
1	1 
17	1 
7	1 
2	1 
4	1 
2	1 
22	1 
5	1 
3	4 
21	1 
2	1 
2	1 
1	1 
3	1 
5	1 
3	1 
4	1 
10	1 
12	1 
1	1 
2	1 
1	1 
6	1 
1	1 
19	5 
6	1 
7	1 
10	1 
21	1 
20	2 
4	1 
29	1 
7	1 
18	1 
8	1 
2	1 
5	1 
4	1 
15	1 
13	1 
14	1 
3	1 
22	1 
19	1 
2	1 
30	1 
6	1 
19	1 
8	1 
16	1 
14	1 
1	1 
23	1 
2	1 
1	1 
1	1 
34	1 
3	1 
34	1 
6	1 
6	2 
4	1 
19	1 
13	1 
14	1 
36	1 
12	2 
18	1 
20	1 
1	1 
5	1 
6	1 
10	1 
23	1 
1	1 
12	2 
6	1 
29	1 
33	1 
20	1 
4	1 
1	1 
24	1 
3	2 
24	1 
22	1 
24	1 
16	1 
5	1 
1	1 
4	1 
4	1 
19	1 
5	2 
1	1 
3	1 
6	1 
1	1 
4	1 
6	1 
10	1 
2	1 
4	1 
21	1 
1	1 
2	1 
3	1 
11	1 
1	1 
4	1 
17	1 
4	1 
13	3 
9	3 
3	1 
43	1 
8	1 
20	1 
4	1 
1	2 
5	1 
23	1 
11	3 
10	1 
8	1 
1	2 
28	1 
11	1 
26	1 
4	1 
2	1 
4	1 
4	1 
12	1 
3	1 
10	1 
10	4 
4	1 
9	1 
27	1 
10	1 
2	1 
28	1 
7	4 
2	1 
25	1 
12	1 
1	1 
25	1 
7	1 
1	1 
23	1 
10	1 
23	2 
2	1 
2	1 
12	5 
4	4 
11	1 
19	1 
33	1 
5	1 
3	1 
1	1 
2	1 
51	1 
27	1 
2	1 
18	1 
14	1 
1	1 
6	1 
11	1 
43	1 
7	1 
55	1 
44	1 
3	1 
3	1 
14	1 
13	2 
20	1 
6	1 
26	1 
29	2 
4	1 
6	1 
47	1 
12	1 
15	1 
1	1 
1	1 
3	1 
2	1 
3	1 
2	2 
1	1 
7	1 
15	1 
1	1 
3	1 
2	1 
1	1 
4	1 
11	1 
23	1 
6	1 
25	12 
33	2 
2	1 
1	1 
13	1 
6	1 
1	1 
7	1 
66	1 
18	1 
4	1 
17	1 
4	1 
2	2 
30	1 
11	1 
1	1 
4	1 
1	1 
17	1 
9	1 
2	1 
29	1 
10	1 
3	1 
1	1 
19	1 
1	1 
8	1 
3	1 
2	1 
1	1 
69	1 
14	1 
9	2 
2	1 
3	2 
9	1 
13	1 
12	1 
1	1 
3	1 
3	1 
8	1 
25	3 
11	1 
21	1 
17	1 
9	1 
2	1 
11	1 
2	1 
1	3 
5	1 
6	1 
54	1 
1	1 
3	1 
47	1 
29	1 
1	1 
108	1 
3	1 
14	1 
28	1 
29	1 
44	1 
24	1 
2	1 
1	1 
33	1 
5	1 
2	1 
2	1 
1	1 
9	3 
5	1 
4	1 
4	1 
12	1 
1	1 
1	1 
57	1 
3	1 
27	1 
7	2 
3	1 
14	1 
3	1 
12	1 
36	1 
34	1 
3	1 
42	1 
11	1 
3	1 
17	1 
5	1 
47	4 
3	4 
36	1 
17	1 
28	1 
44	2 
4	1 
56	1 
2	1 
2	1 
31	1 
59	1 
1	1 
3	1 
1	1 
40	1 
43	1 
1	1 
3	1 
10	1 
18	1 
11	1 
6	1 
5	1 
18	1 
1	1 
15	1 
17	2 
5	1 
7	1 
24	1 
89	1 
25	1 
1	1 
3	1 
19	1 
1	1 
2	1 
19	1 
20	2 
3	1 
3	1 
2	1 
14	1 
9	1 
3	2 
2	1 
5	1 
11	1 
18	1 
1	1 
9	1 
28	1 
5	1 
54	1 
8	1 
24	2 
12	1 
78	1 
2	1 
28	2 
16	1 
18	1 
21	1 
1	1 
10	1 
30	3 
9	1 
10	1 
8	1 
10	1 
6	1 
23	2 
6	1 
20	1 
6	1 
3	1 
3	1 
11	1 
5	1 
28	1 
16	1 
25	1 
14	1 
17	1 
3	1 
52	1 
2	1 
1	1 
40	1 
3	1 
2	2 
1	1 
21	1 
7	1 
11	1 
4	1 
12	1 
1	1 
5	1 
9	1 
59	1 
7	1 
1	1 
9	2 
1	1 
48	1 
9	1 
2	4 
31	1 
12	1 
18	1 
13	2 
2	1 
7	1 
10	1 
10	1 
23	1 
1	1 
7	1 
37	1 
10	1 
28	1 
6	1 
7	1 
30	1 
3	1 
12	1 
66	1 
3	1 
45	1 
2	1 
13	1 
1	1 
12	1 
5	1 
12	5 
3	4 
31	1 
9	1 
2	1 
3	1 
22	1 
19	1 
2	3 
17	1 
41	1 
27	1 
25	1 
8	1 
22	9 
10	5 
28	1 
16	1 
1	1 
37	1 
1	1 
2	1 
1	1 
5	1 
12	1 
11	1 
7	1 
13	2 
5	1 
6	1 
38	1 
3	1 
17	1 
22	1 
5	1 
33	1 
3	1 
18	1 
4	1 
11	2 
1	1 
34	1 
16	1 
12	1 
14	1 
7	1 
18	1 
1	1 
54	1 
19	1 
12	2 
7	1 
17	1 
21	3 
4	1 
41	4 
7	1 
22	1 
10	1 
1	1 
15	1 
18	1 
1	1 
10	1 
2	1 
3	1 
2	1 
26	1 
7	1 
36	1 
6	1 
6	1 
14	1 
1	1 
22	1 
13	1 
16	1 
21	1 
1	1 
1	1 
26	1 
8	1 
47	1 
20	1 
19	2 
9	1 
3	1 
17	1 
5	1 
8	1 
2	1 
22	1 
5	2 
10	1 
22	1 
1	1 
19	1 
6	2 
19	1 
5	1 
26	1 
4	1 
31	3 
1	3 
1	1 
1	1 
40	1 
29	1 
20	1 
2	1 
15	1 
4	1 
4	1 
5	1 
68	1 
18	1 
26	1 
6	1 
8	1 
17	1 
2	2 
90	1 
1	1 
30	1 
7	1 
9	1 
12	1 
2	1 
26	1 
1	1 
5	1 
34	1 
3	1 
10	1 
2	1 
80	1 
2	1 
38	1 
21	6 
2	12 
2	1 
17	7 
16	1 
56	1 
19	1 
41	1 
11	1 
1	1 
1	1 
3	1 
4	2 
46	1 
9	1 
3	1 
26	1 
39	2 
11	1 
2	1 
33	1 
20	1 
8	1 
17	1 
2	1 
24	1 
1	1 
2	2 
34	1 
3	1 
24	1 
1	1 
19	1 
1	1 
3	1 
1	1 
2	1 
7	1 
19	2 
24	1 
42	1 
5	2 
33	1 
17	1 
4	1 
23	1 
15	1 
1	1 
1	1 
5	1 
44	1 
1	1 
1	1 
15	1 
1	1 
5	1 
3	1 
45	1 
6	1 
3	1 
34	1 
20	1 
17	1 
3	1 
3	1 
1	1 
19	2 
2	1 
47	1 
4	1 
3	1 
41	1 
9	1 
16	1 
15	1 
4	1 
9	1 
3	1 
16	1 
3	2 
1	1 
15	2 
1	1 
1	1 
14	1 
3	2 
10	1 
8	1 
2	1 
2	1 
2	1 
1	1 
9	1 
14	1 
26	1 
1	2 
1	1 
4	1 
11	1 
1	1 
23	1 
1	1 
36	1 
2	1 
3	1 
12	1 
8	1 
4	1 
26	1 
25	1 
1	1 
11	1 
4	1 
2	1 
16	1 
20	1 
11	1 
18	1 
1	3 
6	1 
3	1 
57	1 
1	1 
34	1 
13	1 
26	2 
1	1 
16	1 
1	1 
20	1 
4	1 
5	1 
2	1 
21	1 
3	1 
2	1 
28	1 
2	2 
6	1 
23	2 
1	1 
20	1 
1	1 
1	1 
14	1 
16	1 
20	1 
37	1 
3	1 
8	6 
27	1 
18	1 
24	1 
4	1 
5	1 
11	1 
27	2 
3	2 
23	1 
25	1 
12	5 
3	4 
18	1 
20	1 
4	1 
8	1 
5	1 
44	1 
4	1 
7	1 
28	1 
1	1 
45	1 
11	1 
12	2 
4	1 
6	1 
5	1 
28	1 
7	1 
17	1 
7	1 
1	1 
44	1 
1	1 
26	1 
2	1 
14	1 
37	1 
15	1 
3	1 
122	1 
2	1 
48	1 
17	1 
13	1 
61	1 
31	1 
11	1 
18	1 
7	1 
19	1 
2	1 
1	1 
13	1 
56	1 
1	1 
2	1 
1	1 
5	1 
2	1 
15	1 
5	1 
23	1 
7	2 
23	1 
13	1 
3	1 
4	1 
8	1 
27	1 
5	3 
25	1 
2	1 
32	1 
5	1 
1	1 
6	5 
18	1 
1	2 
2	1 
1	1 
17	1 
18	1 
18	1 
37	1 
7	1 
48	1 
3	1 
8	1 
13	1 
1	1 
5	1 
23	1 
5	1 
37	1 
12	1 
5	1 
37	1 
2	1 
35	2 
15	1 
43	1 
67	1 
74	2 
1	1 
1	1 
10	1 
2	1 
25	1 
8	1 
58	1 
11	1 
18	1 
69	1 
21	1 
3	1 
21	2 
5	1 
2	1 
8	1 
2	1 
7	1 
48	1 
9	1 
37	1 
8	1 
40	1 
27	1 
1	1 
1	1 
30	2 
1	1 
5	9 
2	2 
23	1 
19	1 
3	1 
14	1 
10	1 
10	1 
9	2 
1	1 
37	1 
4	1 
25	1 
2	1 
10	1 
2	1 
17	1 
18	1 
1	1 
1	2 
16	1 
46	1 
25	1 
17	1 
40	1 
16	1 
8	1 
24	1 
19	2 
2	1 
1	1 
12	1 
2	1 
26	1 
15	1 
62	1 
1	1 
16	1 
17	1 
22	1 
12	1 
33	1 
10	1 
3	1 
3	1 
37	1 
4	1 
8	1 
44	1 
5	1 
11	1 
5	1 
1	1 
12	1 
10	1 
19	1 
1	1 
43	1 
7	1 
1	1 
3	1 
7	1 
4	1 
13	1 
62	1 
13	1 
11	1 
10	1 
15	1 
32	2 
1	1 
13	1 
16	1 
25	1 
3	1 
42	1 
8	1 
3	1 
12	1 
4	1 
30	1 
8	1 
4	2 
1	1 
30	1 
9	1 
1	1 
1	1 
17	1 
56	1 
6	1 
1	2 
3	1 
69	1 
1	2 
32	5 
45	1 
1	1 
33	1 
20	2 
1	1 
5	1 
37	1 
2	1 
25	1 
1	1 
1	1 
23	1 
2	1 
22	1 
4	1 
37	1 
2	1 
1	1 
43	1 
12	1 
10	1 
26	1 
2	1 
6	1 
21	1 
6	1 
39	1 
5	1 
18	1 
9	1 
2	1 
1	1 
2	1 
37	1 
6	1 
7	1 
4	2 
20	1 
4	1 
3	1 
6	1 
16	1 
6	1 
2	1 
8	1 
2	1 
4	1 
32	1 
9	8 
3	1 
58	1 
5	2 
49	1 
29	1 
18	1 
2	1 
1	1 
5	1 
16	1 
2	2 
13	4 
6	2 
9	1 
1	2 
13	1 
53	1 
6	1 
8	1 
9	1 
34	1 
4	1 
31	1 
9	1 
4	1 
5	1 
17	1 
1	1 
22	1 
41	1 
5	1 
2	1 
1	1 
2	3 
2	1 
11	1 
14	1 
31	1 
7	1 
20	1 
2	1 
20	1 
1	1 
16	1 
5	1 
6	1 
17	7 
3	1 
39	1 
25	1 
9	1 
25	1 
10	1 
3	1 
7	1 
13	1 
3	1 
1	1 
26	1 
2	1 
18	1 
26	1 
41	2 
1	1 
5	1 
32	1 
2	1 
23	1 
1	1 
4	1 
9	1 
8	1 
1	1 
5	1 
22	1 
8	1 
18	1 
9	1 
22	1 
3	1 
1	2 
19	1 
21	1 
19	1 
2	3 
40	1 
2	1 
3	1 
54	1 
3	1 
1	1 
30	1 
1	1 
15	1 
1	1 
17	1 
9	1 
2	1 
44	1 
5	1 
1	1 
3	1 
16	1 
5	1 
56	1 
30	1 
47	1 
28	1 
23	2 
3	1 
42	2 
17	1 
3	2 
1	1 
27	1 
7	1 
32	1 
63	1 
27	1 
33	1 
27	1 
30	1 
1	1 
16	1 
2	1 
5	1 
26	1 
1	1 
1	1 
60	1 
9	1 
26	1 
8	2 
14	1 
3	1 
4	9 
3	1 
75	1 
18	1 
22	1 
3	4 
8	1 
12	2 
15	1 
1	1 
22	1 
10	1 
15	1 
1	1 
8	1 
29	1 
40	1 
12	1 
1	1 
10	1 
29	1 
2	1 
14	1 
5	1 
4	1 
50	1 
1	1 
4	1 
4	1 
27	2 
3	1 
3	1 
44	1 
1	2 
13	1 
3	1 
49	1 
27	1 
6	1 
21	1 
4	1 
13	1 
24	1 
6	1 
12	1 
1	1 
23	1 
12	1 
20	1 
5	2 
18	1 
2	1 
32	1 
30	1 
2	1 
18	1 
4	1 
59	1 
7	1 
9	1 
3	1 
1	1 
1	1 
14	1 
4	1 
5	1 
3	1 
1	1 
23	1 
21	1 
3	1 
7	1 
7	2 
1	1 
20	1 
4	1 
11	1 
46	1 
6	1 
34	1 
2	1 
19	1 
77	1 
41	1 
7	1 
3	1 
34	1 
31	1 
1	1 
3	1 
56	1 
2	1 
11	1 
16	1 
27	1 
1	1 
1	1 
20	1 
4	1 
5	1 
5	1 
1	1 
17	1 
2	1 
32	1 
18	1 
14	1 
6	1 
29	1 
28	1 
5	1 
81	1 
1	1 
5	1 
13	1 
7	1 
4	1 
35	1 
41	1 
25	1 
21	1 
10	1 
53	1 
14	1 
11	1 
2	1 
2	1 
23	3 
38	1 
53	8 
5	1 
86	1 
10	1 
72	1 
31	2 
7	1 
2	1 
1	1 
47	3 
13	1 
26	1 
50	1 
5	1 
45	1 
39	1 
2	1 
6	2 
19	1 
6	2 
3	1 
38	1 
19	1 
15	1 
1	1 
6	1 
13	1 
30	1 
13	1 
20	1 
7	1 
66	1 
2	1 
1	1 
10	1 
1	1 
11	1 
1	1 
25	7 
39	1 
53	1 
1	1 
4	1 
3	1 
52	1 
9	1 
6	1 
8	1 
28	1 
15	1 
25	1 
2	1 
1	1 
11	1 
16	1 
3	1 
27	1 
84	1 
17	1 
13	1 
1	1 
6	1 
9	1 
3	1 
18	1 
47	2 
22	1 
73	1 
15	1 
18	1 
8	1 
6	1 
91	1 
3	1 
4	1 
12	1 
1	1 
24	1 
2	1 
5	1 
3	1 
6	1 
4	1 
31	1 
7	1 
6	1 
22	1 
17	1 
1	1 
23	1 
2	1 
4	1 
64	1 
7	1 
1	1 
11	1 
111	1 
15	1 
1	1 
3	1 
58	1 
3	1 
13	1 
11	1 
10	1 
11	1 
72	1 
19	1 
19	1 
5	1 
4	9 
58	1 
1	3 
22	1 
4	2 
66	1 
3	1 
59	1 
5	1 
38	1 
1	1 
1	1 
14	1 
13	1 
39	1 
1	1 
1	1 
5	1 
4	1 
1	1 
7	1 
34	1 
9	1 
20	1 
28	1 
3	1 
5	1 
21	1 
32	1 
3	1 
11	1 
28	1 
14	10 
37	1 
1	1 
15	1 
17	1 
35	1 
5	1 
24	1 
31	1 
16	1 
10	1 
33	1 
1	1 
24	1 
25	1 
6	1 
19	1 
11	1 
3	1 
9	3 
56	1 
23	1 
2	1 
3	1 
6	1 
23	1 
13	1 
20	1 
3	2 
14	1 
8	1 
6	1 
4	1 
2	1 
34	1 
2	1 
3	1 
48	1 
41	1 
36	3 
9	1 
19	1 
39	1 
5	1 
3	2 
5	1 
18	1 
2	1 
1	1 
12	1 
2	1 
1	1 
31	1 
20	1 
13	1 
27	1 
2	1 
2	1 
2	1 
1	1 
6	1 
1	1 
5	1 
10	1 
3	1 
8	1 
1	1 
38	1 
6	1 
2	1 
37	1 
15	1 
24	2 
6	1 
10	2 
1	1 
26	1 
9	1 
17	1 
2	2 
1	1 
8	1 
1	1 
27	1 
19	1 
8	1 
8	1 
10	1 
8	1 
1	1 
8	1 
23	1 
5	1 
16	1 
1	1 
13	2 
2	1 
2	1 
22	1 
2	1 
7	1 
13	1 
2	1 
2	1 
21	1 
6	1 
7	1 
4	1 
87	1 
6	2 
4	1 
9	1 
6	1 
6	1 
19	8 
3	1 
47	1 
13	1 
2	1 
1	1 
2	1 
2	1 
17	1 
13	1 
4	1 
8	2 
17	1 
2	1 
19	1 
3	1 
3	1 
2	1 
4	1 
14	1 
10	1 
2	1 
5	1 
23	2 
3	1 
12	1 
1	1 
7	1 
29	1 
14	1 
3	1 
4	2 
24	1 
1	1 
12	1 
16	1 
21	1 
13	1 
3	4 
1	1 
6	2 
22	1 
7	1 
3	1 
1	1 
2	1 
2	2 
5	1 
1	1 
3	2 
1	1 
9	1 
9	3 
5	1 
23	1 
2	2 
1	1 
4	1 
8	1 
12	1 
2	1 
44	1 
8	1 
2	1 
5	1 
32	1 
3	1 
3	1 
1	1 
3	1 
2	1 
34	1 
46	1 
4	1 
22	1 
5	1 
22	1 
3	2 
2	1 
2	1 
4	1 
5	1 
9	1 
33	1 
6	1 
7	1 
8	1 
17	1 
1	1 
7	1 
19	1 
4	1 
12	1 
11	1 
31	1 
1	1 
27	1 
30	1 
66	2 
24	1 
5	1 
42	1 
21	1 
2	1 
4	1 
27	3 
1	1 
40	1 
3	1 
4	1 
7	1 
5	2 
3	1 
10	1 
1	4 
37	1 
3	1 
25	1 
44	1 
14	1 
1	1 
9	1 
20	1 
1	1 
2	1 
3	1 
13	1 
12	1 
20	1 
9	1 
29	1 
1	1 
2	1 
1	1 
1	1 
10	1 
13	1 
28	1 
4	1 
16	1 
15	4 
4	1 
18	1 
3	1 
1	1 
73	2 
1	1 
2	2 
20	1 
16	1 
50	1 
3	1 
2	1 
1	3 
36	1 
14	3 
28	1 
9	3 
13	1 
1	1 
38	1 
22	1 
27	1 
2	1 
1	1 
31	1 
9	9 
75	1 
4	1 
1	1 
26	10 
37	1 
18	1 
1	1 
15	1 
1	1 
12	1 
2	1 
1	1 
1	1 
36	1 
1	1 
6	1 
13	1 
1	1 
3	1 
19	2 
1	1 
24	1 
4	1 
10	1 
24	2 
12	1 
6	1 
16	1 
1	1 
1	2 
30	1 
15	2 
15	1 
2	1 
2	1 
5	1 
8	1 
8	1 
11	1 
4	1 
1	1 
27	1 
7	1 
44	1 
3	1 
59	1 
16	1 
34	1 
24	1 
26	1 
1	1 
2	1 
62	1 
1	1 
13	1 
19	1 
1	1 
1	1 
25	1 
30	1 
47	1 
3	3 
57	1 
23	2 
11	1 
22	1 
4	1 
30	1 
6	1 
3	1 
4	1 
1	1 
22	1 
25	1 
2	1 
1	2 
14	1 
1	1 
33	1 
2	1 
2	1 
3	1 
5	1 
36	1 
3	1 
2	1 
92	1 
15	1 
27	1 
23	1 
1	1 
30	1 
21	1 
3	1 
2	1 
1	1 
38	1 
44	1 
2	1 
6	1 
3	1 
2	1 
55	1 
31	2 
2	1 
1	1 
1	1 
2	1 
18	1 
1	1 
3	1 
4	1 
36	1 
2	1 
4	1 
4	1 
1	1 
2	1 
1	1 
26	1 
1	1 
4	1 
5	1 
12	1 
5	1 
2	1 
2	1 
11	1 
10	1 
12	1 
36	2 
2	1 
1	1 
15	1 
72	1 
13	6 
2	1 
7	1 
42	1 
30	1 
32	8 
29	1 
4	1 
22	1 
22	1 
27	1 
45	1 
3	1 
13	1 
14	1 
14	1 
3	1 
3	1 
8	1 
18	1 
1	1 
18	1 
9	1 
6	1 
49	1 
18	1 
3	1 
56	1 
3	1 
4	1 
18	1 
4	1 
8	6 
1	1 
2	1 
14	1 
60	1 
23	1 
2	3 
24	1 
22	2 
27	1 
3	1 
9	1 
1	1 
12	1 
29	1 
19	1 
3	1 
46	1 
2	1 
20	1 
11	1 
23	1 
2	1 
49	1 
46	1 
16	2 
18	1 
21	1 
21	1 
6	1 
10	1 
15	1 
1	1 
26	1 
1	1 
2	1 
1	2 
7	1 
39	1 
1	1 
1	1 
2	1 
2	1 
9	1 
4	1 
4	1 
14	2 
20	1 
39	1 
28	1 
1	1 
25	1 
1	2 
50	1 
7	1 
27	1 
18	1 
12	1 
6	1 
13	1 
8	1 
9	1 
36	1 
20	1 
19	2 
40	2 
1	1 
1	1 
30	1 
1	1 
48	2 
6	1 
7	1 
1	1 
13	1 
3	1 
5	1 
6	1 
71	1 
18	1 
16	1 
63	1 
31	1 
9	1 
3	1 
9	1 
12	1 
2	1 
2	1 
6	1 
1	1 
46	1 
1	1 
1	1 
23	1 
1	1 
52	1 
17	1 
70	1 
20	8 
5	1 
37	1 
2	1 
17	1 
23	1 
1	1 
42	1 
41	1 
29	3 
76	2 
2	1 
7	1 
3	1 
6	1 
1	1 
12	1 
2	1 
15	1 
18	2 
8	1 
14	1 
10	1 
2	1 
3	1 
3	1 
2	1 
3	1 
5	1 
3	1 
31	1 
2	1 
5	2 
10	1 
4	1 
3	1 
8	1 
2	1 
4	1 
7	2 
8	1 
2	1 
56	1 
2	2 
30	1 
2	1 
9	1 
8	1 
6	1 
52	1 
17	1 
17	1 
1	1 
2	1 
5	1 
2	1 
1	1 
3	1 
5	1 
2	1 
6	1 
42	1 
3	1 
6	1 
16	1 
2	1 
1	1 
1	1 
4	2 
28	1 
6	1 
3	1 
3	1 
15	1 
5	1 
1	1 
17	1 
6	1 
6	1 
4	1 
1	1 
17	1 
3	1 
20	1 
10	1 
2	1 
1	1 
32	1 
5	1 
3	1 
21	1 
4	1 
4	1 
5	2 
12	1 
1	1 
1	1 
28	1 
63	1 
7	1 
3	2 
1	1 
3	1 
29	1 
8	1 
6	2 
1	1 
2	1 
1	1 
1	1 
7	1 
9	1 
24	1 
12	1 
10	1 
33	1 
5	1 
9	1 
4	1 
12	1 
3	1 
5	1 
9	1 
14	4 
1	1 
2	1 
51	1 
28	1 
9	1 
10	1 
4	1 
3	1 
34	1 
6	11 
31	1 
21	1 
67	2 
1	1 
5	1 
29	1 
22	1 
33	1 
8	1 
2	1 
21	1 
1	1 
1	1 
51	1 
53	1 
1	1 
3	1 
53	1 
21	1 
1	1 
1	1 
24	2 
2	1 
2	1 
11	1 
2	1 
5	4 
41	1 
4	2 
9	1 
1	1 
8	1 
1	4 
1	1 
41	2 
6	1 
9	1 
7	1 
28	1 
1	1 
1	1 
2	1 
15	1 
14	1 
2	1 
7	1 
1	1 
7	2 
37	1 
9	1 
19	1 
14	1 
8	1 
2	1 
1	1 
4	1 
18	1 
5	1 
59	1 
3	1 
4	1 
22	1 
14	1 
18	1 
3	1 
2	1 
1	1 
4	3 
2	1 
62	5 
7	2 
11	1 
32	1 
1	1 
25	1 
9	1 
3	1 
1	1 
18	1 
34	1 
2	1 
3	1 
20	1 
9	1 
30	1 
4	1 
17	1 
23	1 
3	1 
4	1 
2	1 
4	1 
1	1 
8	1 
21	1 
33	1 
5	1 
14	1 
2	1 
1	1 
3	1 
12	1 
5	1 
22	1 
1	1 
38	1 
3	1 
31	1 
8	1 
14	1 
6	1 
1	1 
3	1 
1	1 
25	1 
6	1 
60	1 
2	1 
13	1 
1	1 
5	1 
18	1 
1	1 
1	1 
1	1 
3	1 
1	1 
74	1 
16	1 
2	1 
47	1 
5	1 
1	1 
21	1 
28	1 
7	1 
14	9 
36	1 
3	1 
33	1 
3	1 
4	1 
1	2 
4	1 
4	1 
19	1 
10	1 
3	1 
3	2 
24	2 
29	1 
2	1 
1	2 
26	1 
4	1 
19	1 
1	1 
1	1 
2	1 
13	1 
8	1 
1	1 
27	1 
1	1 
1	1 
83	2 
5	1 
5	2 
2	1 
20	1 
24	2 
1	1 
2	1 
20	1 
5	1 
74	1 
15	1 
1	1 
1	1 
9	1 
5	2 
2	1 
7	1 
31	1 
9	1 
4	1 
12	1 
3	1 
7	1 
12	1 
13	1 
10	1 
25	1 
1	1 
5	1 
10	1 
2	1 
17	5 
29	1 
37	1 
9	1 
1	1 
21	1 
2	1 
13	1 
4	1 
11	1 
24	1 
6	1 
18	1 
4	1 
1	1 
4	1 
10	1 
1	1 
1	1 
1	1 
3	1 
4	1 
1	1 
21	1 
8	1 
4	2 
29	2 
6	1 
32	1 
30	1 
21	5 
1	1 
4	2 
1	1 
3	1 
62	1 
3	1 
1	1 
80	1 
14	1 
13	1 
1	1 
30	1 
20	2 
18	1 
6	1 
1	1 
53	1 
9	1 
28	1 
59	3 
54	1 
37	1 
2	1 
19	1 
3	2 
6	1 
7	1 
12	1 
2	1 
10	1 
11	1 
14	1 
2	1 
6	1 
13	1 
11	1 
10	2 
15	1 
53	1 
1	1 
5	1 
1	1 
20	1 
4	1 
11	1 
22	1 
8	1 
1	1 
8	1 
13	1 
2	1 
2	1 
1	1 
20	2 
13	1 
14	1 
1	1 
1	1 
6	1 
29	1 
23	1 
1	1 
2	2 
2	1 
30	2 
26	1 
6	1 
7	1 
19	1 
14	1 
6	1 
1	1 
13	1 
1	1 
7	1 
1	1 
51	1 
3	1 
29	1 
5	3 
38	2 
25	1 
1	1 
3	1 
1	1 
7	1 
1	1 
39	2 
26	1 
8	2 
36	1 
3	1 
24	1 
3	1 
2	1 
4	1 
2	1 
6	1 
39	1 
3	1 
2	1 
9	1 
6	1 
8	2 
5	1 
3	1 
2	1 
12	1 
7	1 
7	1 
8	1 
1	1 
8	1 
18	1 
7	1 
1	1 
5	1 
1	1 
22	1 
1	1 
2	1 
9	1 
1	1 
14	4 
2	1 
7	1 
23	1 
14	1 
17	1 
4	1 
4	1 
2	1 
12	1 
6	1 
1	1 
1	3 
3	1 
7	5 
2	1 
7	1 
5	1 
8	1 
35	1 
3	1 
2	1 
3	1 
7	1 
5	1 
4	1 
22	1 
6	1 
2	1 
7	1 
3	1 
3	1 
12	1 
11	1 
13	1 
1	1 
11	1 
1	1 
7	1 
19	1 
22	1 
46	3 
1	1 
1	1 
10	1 
16	1 
25	1 
11	1 
16	1 
1	1 
14	1 
3	1 
1	3 
7	1 
13	1 
4	3 
14	1 
3	1 
14	1 
2	1 
1	3 
13	1 
5	1 
13	1 
12	1 
64	1 
24	1 
1	1 
1	5 
5	1 
48	1 
4	1 
4	1 
1	2 
21	1 
6	1 
15	2 
13	1 
40	1 
4	1 
9	1 
3	1 
1	1 
5	1 
1	1 
4	1 
8	1 
5	1 
7	1 
1	1 
10	1 
13	1 
14	1 
6	1 
4	1 
24	1 
1	8 
25	1 
6	1 
2	1 
12	1 
9	1 
2	1 
1	1 
20	3 
10	2 
5	2 
10	2 
5	1 
1	1 
1	1 
1	1 
21	1 
1	1 
1	1 
4	1 
24	1 
2	1 
21	1 
1	1 
63	1 
1	1 
5	1 
22	1 
10	1 
1	1 
5	1 
8	1 
36	1 
15	1 
2	1 
17	2 
1	1 
26	1 
2	1 
1	1 
1	1 
1	1 
9	1 
4	1 
11	1 
2	1 
3	1 
11	1 
19	1 
5	1 
3	1 
10	1 
16	1 
4	3 
9	1 
20	2 
6	1 
11	1 
17	1 
3	1 
17	1 
4	1 
1	1 
1	1 
36	1 
1	1 
4	1 
1	1 
3	1 
7	1 
24	1 
30	1 
4	1 
1	6 
28	1 
23	1 
1	1 
5	1 
5	1 
30	1 
1	1 
1	1 
7	1 
11	1 
24	1 
3	1 
4	1 
4	1 
1	1 
25	1 
1	1 
4	1 
2	1 
8	1 
18	1 
5	1 
26	1 
6	1 
1	1 
4	1 
14	1 
12	2 
21	1 
6	1 
27	1 
4	1 
9	5 
1	1 
2	1 
23	1 
5	1 
8	1 
5	1 
1	1 
8	1 
17	1 
2	1 
10	5 
3	1 
34	1 
11	1 
1	1 
8	1 
31	1 
28	1 
59	1 
3	1 
7	1 
1	1 
1	1 
1	1 
27	1 
7	1 
1	1 
6	1 
15	1 
53	1 
16	1 
1	1 
15	1 
9	1 
22	1 
10	3 
1	1 
9	1 
13	1 
33	1 
2	1 
21	1 
2	1 
18	1 
2	1 
18	1 
17	1 
9	1 
6	1 
6	1 
6	1 
1	1 
29	1 
9	2 
12	1 
13	2 
4	1 
3	1 
14	1 
5	1 
29	7 
33	1 
7	1 
12	1 
6	1 
4	1 
13	1 
2	2 
25	1 
4	1 
29	1 
2	1 
4	1 
1	1 
4	1 
20	1 
1	1 
20	1 
1	1 
17	1 
21	1 
19	1 
15	1 
1	1 
5	1 
2	1 
37	1 
5	1 
21	1 
9	1 
28	1 
9	2 
6	1 
14	1 
40	1 
1	1 
2	1 
35	1 
2	1 
7	1 
34	1 
1	1 
32	1 
2	1 
3	1 
18	1 
2	1 
8	1 
4	1 
1	1 
11	2 
5	1 
15	1 
28	1 
25	1 
19	1 
1	1 
11	1 
36	1 
1	2 
25	1 
22	1 
7	1 
15	1 
2	1 
14	2 
6	1 
25	1 
22	1 
25	3 
9	1 
7	1 
1	1 
2	1 
7	1 
6	1 
1	1 
18	3 
1	1 
17	1 
3	1 
4	1 
1	1 
2	1 
5	1 
1	1 
12	1 
21	1 
14	1 
1	1 
26	1 
1	1 
4	1 
2	1 
23	1 
4	1 
4	1 
1	1 
1	1 
8	1 
6	1 
11	1 
2	1 
39	1 
6	2 
1	1 
2	1 
26	1 
1	4 
14	2 
9	1 
34	1 
5	1 
17	1 
11	1 
6	1 
8	1 
16	1 
41	4 
3	1 
42	1 
24	1 
7	1 
37	1 
16	1 
9	1 
26	1 
3	1 
1	1 
16	1 
15	1 
33	1 
23	1 
28	1 
6	1 
16	1 
2	1 
5	1 
1	1 
2	1 
39	1 
17	1 
8	1 
7	1 
7	1 
17	1 
20	1 
6	1 
11	1 
8	4 
24	1 
4	1 
21	1 
34	1 
31	1 
13	1 
18	1 
1	1 
2	2 
8	1 
4	1 
2	2 
16	1 
4	5 
10	5 
10	1 
1	1 
12	1 
7	1 
10	1 
1	1 
7	1 
10	1 
8	1 
28	1 
20	1 
6	1 
8	1 
20	1 
29	2 
2	1 
20	1 
11	1 
2	1 
5	1 
3	1 
4	1 
3	1 
1	1 
17	1 
2	1 
4	1 
28	1 
7	1 
11	1 
9	2 
4	1 
59	1 
1	1 
13	1 
1	1 
4	1 
15	3 
2	1 
7	1 
2	1 
10	1 
4	1 
12	1 
31	1 
3	1 
19	1 
5	1 
21	1 
27	1 
12	1 
19	1 
1	1 
3	1 
12	1 
9	1 
23	1 
1	1 
25	1 
3	1 
26	1 
2	1 
28	1 
17	2 
1	1 
9	1 
14	1 
1	1 
12	1 
19	1 
9	1 
4	1 
22	1 
8	1 
32	3 
2	1 
30	1 
36	2 
1	1 
1	1 
22	1 
9	1 
22	1 
1	1 
2	1 
2	1 
21	1 
4	1 
10	1 
27	1 
4	1 
3	1 
5	1 
33	1 
23	1 
12	1 
2	1 
4	1 
39	1 
4	1 
25	1 
3	1 
1	1 
1	1 
1	1 
13	1 
22	1 
20	1 
2	1 
19	1 
17	1 
3	1 
1	1 
1	1 
11	1 
14	1 
10	1 
8	4 
7	1 
17	4 
3	1 
3	1 
64	1 
1	1 
20	1 
1	1 
1	1 
11	1 
13	1 
4	1 
7	1 
16	1 
1	1 
23	1 
17	1 
5	1 
2	1 
36	1 
6	1 
27	1 
6	4 
15	1 
2	1 
6	2 
15	1 
2	1 
20	1 
44	3 
9	1 
6	1 
9	3 
3	1 
12	1 
8	1 
2	1 
5	1 
37	1 
2	1 
2	1 
60	3 
1	1 
13	1 
15	1 
4	1 
3	1 
1	1 
2	1 
2	1 
20	1 
38	1 
3	1 
4	1 
6	1 
4	2 
18	1 
10	1 
6	1 
2	1 
23	1 
2	1 
8	1 
1	1 
3	1 
8	1 
42	2 
2	1 
9	3 
26	2 
1	2 
3	1 
14	1 
35	1 
5	1 
11	1 
4	1 
24	1 
2	2 
4	1 
28	1 
18	1 
1	1 
10	1 
39	1 
3	1 
6	1 
40	1 
11	1 
2	1 
2	2 
1	1 
51	1 
24	1 
2	1 
2	1 
15	1 
20	1 
12	1 
6	1 
5	1 
4	1 
39	1 
8	1 
13	1 
6	1 
3	1 
29	2 
4	1 
1	1 
41	2 
11	2 
30	1 
2	1 
9	1 
48	1 
8	1 
12	1 
3	1 
2	1 
2	1 
9	1 
2	1 
23	1 
3	1 
3	1 
25	1 
16	1 
6	1 
1	1 
2	1 
1	1 
23	1 
2	1 
18	1 
22	1 
14	1 
3	3 
4	1 
21	1 
11	1 
2	1 
18	1 
1	1 
5	1 
12	1 
1	1 
3	1 
8	1 
6	1 
27	2 
38	1 
2	1 
1	1 
6	1 
28	1 
3	1 
43	2 
14	3 
2	1 
1	1 
11	1 
19	1 
2	2 
23	1 
36	1 
19	5 
3	1 
11	1 
4	1 
1	4 
1	1 
19	5 
8	1 
26	1 
7	1 
8	1 
6	1 
1	3 
2	1 
2	1 
1	1 
31	1 
3	1 
2	1 
1	1 
1	1 
5	1 
9	1 
19	1 
1	1 
2	1 
3	1 
16	1 
1	1 
4	1 
46	1 
5	1 
16	1 
4	1 
4	1 
26	1 
26	1 
3	1 
1	1 
5	1 
1	1 
2	2 
25	2 
24	1 
2	2 
22	1 
2	1 
9	1 
10	1 
3	1 
37	1 
1	1 
47	1 
24	1 
23	1 
2	1 
36	2 
1	3 
2	2 
8	1 
3	1 
1	1 
12	1 
13	1 
48	1 
1	1 
5	1 
1	1 
4	1 
1	1 
21	1 
33	1 
13	1 
1	1 
18	1 
11	1 
8	1 
1	1 
1	1 
64	1 
2	1 
2	1 
6	1 
4	1 
9	1 
12	1 
2	1 
2	1 
6	1 
10	1 
41	1 
20	2 
31	1 
14	1 
1	1 
10	1 
1	1 
1	1 
42	1 
17	1 
14	2 
3	1 
12	1 
25	1 
6	1 
7	1 
9	1 
17	1 
4	1 
13	1 
16	1 
16	1 
4	1 
21	1 
5	12 
75	1 
5	1 
20	3 
1	1 
35	1 
34	1 
9	1 
21	1 
29	1 
1	1 
11	1 
60	1 
14	1 
17	1 
6	1 
3	1 
3	1 
10	1 
83	1 
4	1 
17	1 
12	1 
5	1 
1	1 
8	1 
1	1 
3	1 
32	1 
1	1 
1	2 
27	1 
1	1 
58	1 
28	1 
2	1 
16	1 
13	1 
18	2 
1	1 
3	1 
29	1 
25	4 
3	1 
34	3 
19	1 
65	1 
5	1 
25	1 
1	1 
2	1 
1	1 
23	1 
4	1 
18	1 
3	1 
10	1 
3	1 
89	1 
23	1 
2	1 
23	1 
7	1 
3	1 
18	1 
1	1 
37	1 
2	1 
48	1 
5	1 
4	1 
1	1 
5	2 
39	1 
14	1 
36	1 
21	1 
3	1 
28	2 
19	1 
1	1 
38	1 
11	1 
12	1 
15	1 
1	1 
18	2 
15	2 
20	1 
1	1 
3	1 
45	1 
13	3 
2	1 
7	1 
27	1 
2	1 
2	1 
9	1 
3	1 
15	1 
2	1 
1	1 
33	1 
1	2 
7	1 
5	1 
2	1 
1	1 
6	1 
15	1 
3	1 
15	2 
20	1 
1	1 
44	1 
8	1 
1	1 
1	1 
2	1 
18	1 
2	1 
26	1 
13	1 
2	1 
1	1 
5	1 
1	1 
17	1 
11	1 
5	1 
3	1 
4	1 
23	1 
3	1 
1	1 
22	1 
18	1 
4	1 
2	1 
1	1 
10	2 
1	1 
1	1 
9	1 
18	1 
3	1 
1	1 
9	1 
1	1 
24	1 
24	1 
6	1 
2	1 
1	1 
4	2 
39	1 
34	6 
3	1 
26	1 
1	1 
7	1 
18	1 
6	1 
13	1 
18	1 
5	1 
3	1 
2	1 
1	1 
52	1 
6	1 
1	1 
11	4 
8	1 
26	1 
2	1 
4	2 
42	1 
2	1 
57	1 
30	1 
2	1 
1	1 
10	1 
2	1 
3	1 
19	1 
4	1 
2	1 
3	2 
17	1 
6	1 
11	1 
2	1 
19	1 
1	1 
2	1 
26	1 
5	1 
3	1 
1	1 
7	1 
19	1 
12	1 
2	1 
5	1 
2	1 
27	3 
6	1 
9	5 
24	1 
1	1 
18	1 
9	1 
10	1 
9	1 
20	2 
6	1 
3	1 
1	1 
2	1 
1	1 
13	1 
1	1 
2	1 
42	2 
1	1 
18	1 
8	1 
5	1 
11	1 
5	1 
13	1 
9	1 
14	1 
1	2 
2	1 
1	1 
20	1 
33	1 
18	1 
1	1 
24	1 
1	1 
5	1 
1	1 
16	1 
17	1 
5	1 
8	1 
16	1 
1	1 
11	1 
16	1 
7	1 
1	1 
1	1 
24	1 
1	1 
19	4 
1	1 
1	1 
28	1 
33	1 
3	1 
31	1 
15	1 
13	1 
12	1 
7	1 
2	1 
8	1 
23	1 
16	1 
1	1 
29	1 
1	1 
48	1 
20	1 
19	1 
5	2 
2	1 
4	1 
23	1 
1	1 
13	1 
2	1 
13	1 
2	1 
46	1 
7	1 
4	1 
1	1 
8	2 
30	1 
3	1 
4	1 
5	1 
24	1 
2	1 
19	1 
8	2 
4	1 
23	1 
5	1 
15	1 
5	1 
1	1 
13	1 
5	2 
3	1 
8	1 
2	1 
5	1 
5	1 
13	2 
23	1 
2	1 
12	2 
4	1 
24	2 
11	1 
3	1 
3	1 
3	3 
3	1 
30	1 
1	1 
15	1 
19	1 
11	1 
22	1 
5	1 
12	1 
7	1 
2	1 
7	1 
1	1 
36	2 
6	1 
28	1 
17	1 
2	1 
17	1 
16	1 
1	1 
3	1 
4	1 
5	1 
12	1 
9	1 
10	1 
22	1 
1	1 
2	1 
31	1 
4	1 
1	1 
1	1 
16	2 
6	1 
1	1 
21	1 
2	2 
10	1 
4	1 
1	1 
2	1 
3	2 
10	1 
10	1 
2	1 
5	1 
4	1 
1	1 
3	1 
5	1 
2	1 
21	4 
1	1 
5	1 
6	3 
2	1 
56	1 
1	1 
6	1 
1	1 
13	1 
3	1 
10	1 
2	1 
3	1 
24	1 
17	1 
2	1 
2	1 
28	1 
3	1 
4	1 
4	1 
3	1 
4	1 
9	1 
11	1 
11	1 
8	1 
3	1 
2	1 
11	5 
3	1 
23	1 
5	1 
2	1 
2	1 
7	1 
1	1 
3	2 
18	1 
2	1 
14	1 
1	1 
2	1 
1	2 
1	1 
4	1 
5	1 
8	1 
13	1 
12	1 
3	2 
4	1 
23	1 
9	1 
7	1 
3	1 
22	1 
16	2 
6	1 
22	1 
9	1 
9	1 
7	1 
12	1 
2	1 
25	1 
1	1 
2	1 
5	1 
6	1 
19	1 
2	1 
6	1 
3	1 
12	1 
6	1 
1	1 
14	1 
1	1 
6	1 
5	1 
7	2 
4	1 
10	1 
19	1 
33	1 
1	1 
1	1 
2	1 
3	1 
9	1 
1	1 
1	1 
2	1 
4	1 
4	4 
8	1 
44	1 
5	1 
4	1 
6	1 
2	1 
3	1 
7	2 
5	1 
11	1 
5	1 
12	1 
2	1 
4	1 
9	1 
4	1 
2	1 
14	1 
5	1 
6	1 
1	1 
7	1 
1	2 
14	1 
1	1 
4	1 
4	1 
13	1 
3	1 
6	1 
11	1 
3	4 
2	1 
4	1 
20	1 
2	1 
4	1 
5	1 
4	1 
19	1 
10	1 
14	4 
14	2 
13	1 
3	1 
12	1 
2	1 
36	1 
1	1 
11	1 
17	1 
1	1 
5	2 
14	1 
6	1 
1	2 
4	1 
6	2 
3	1 
1	1 
2	1 
3	1 
4	4 
1	1 
2	1 
32	1 
6	1 
2	1 
8	1 
14	1 
1	2 
6	2 
12	1 
2	1 
6	1 
1	1 
21	1 
21	1 
26	1 
3	1 
15	2 
1	1 
17	1 
5	1 
5	1 
4	1 
1	1 
11	1 
10	1 
9	2 
4	1 
3	4 
25	1 
3	1 
2	1 
2	1 
14	1 
2	1 
2	1 
12	1 
20	1 
1	1 
5	3 
9	1 
7	1 
7	1 
6	1 
1	1 
19	1 
24	1 
12	1 
6	1 
7	2 
17	1 
5	1 
6	1 
2	1 
4	1 
4	1 
13	1 
1	1 
10	1 
1	1 
1	1 
18	4 
7	1 
1	1 
2	1 
1	1 
4	1 
1	1 
3	1 
37	1 
8	1 
13	1 
2	1 
1	1 
3	1 
26	1 
7	1 
9	1 
1	1 
3	1 
45	1 
4	1 
1	1 
13	2 
28	1 
8	3 
26	1 
2	3 
1	1 
7	1 
9	1 
7	2 
6	1 
58	1 
1	1 
1	1 
27	1 
16	1 
1	1 
7	2 
7	1 
8	1 
10	4 
4	1 
12	1 
20	1 
5	1 
2	1 
8	1 
9	1 
35	1 
17	1 
3	1 
31	1 
2	1 
2	1 
1	1 
16	1 
1	1 
3	1 
13	1 
2	1 
7	1 
9	1 
16	1 
9	1 
1	1 
3	1 
4	1 
23	1 
1	4 
59	1 
14	1 
22	1 
1	1 
1	1 
1	1 
32	1 
17	1 
3	1 
3	1 
22	1 
48	1 
2	1 
3	1 
5	1 
17	1 
1	1 
27	2 
33	1 
6	3 
49	1 
1	1 
1	1 
20	1 
16	1 
11	1 
18	2 
55	1 
17	1 
2	1 
2	1 
3	1 
20	1 
1	1 
43	1 
7	1 
1	2 
18	1 
18	1 
7	1 
3	1 
18	1 
3	1 
33	1 
13	1 
3	1 
3	7 
36	2 
27	1 
4	1 
5	1 
2	1 
2	1 
5	1 
2	1 
9	2 
5	1 
12	1 
4	1 
9	1 
6	1 
2	1 
1	1 
32	1 
23	2 
16	1 
4	1 
6	2 
3	1 
7	1 
19	1 
3	2 
1	1 
13	1 
17	1 
6	1 
1	1 
2	1 
1	1 
2	1 
18	1 
10	1 
1	1 
16	1 
5	1 
11	1 
21	1 
6	1 
1	1 
10	2 
13	1 
16	4 
36	1 
1	1 
1	1 
1	1 
12	1 
20	1 
10	1 
19	1 
26	1 
2	1 
7	1 
22	1 
2	1 
1	1 
1	1 
10	1 
9	1 
7	1 
34	1 
5	1 
13	1 
1	1 
23	1 
24	1 
46	1 
8	4 
5	2 
1	1 
19	3 
12	1 
6	1 
4	1 
6	1 
36	1 
3	1 
2	1 
14	1 
1	1 
15	1 
5	1 
18	2 
45	1 
19	1 
25	1 
6	1 
3	1 
4	1 
7	1 
11	1 
14	4 
4	1 
22	1 
2	1 
18	1 
7	1 
29	1 
18	1 
7	1 
6	1 
7	1 
18	1 
19	3 
1	1 
7	1 
32	1 
10	1 
5	1 
9	1 
7	1 
5	1 
24	1 
4	1 
4	1 
1	2 
1	1 
25	1 
36	1 
4	1 
13	1 
2	1 
14	1 
2	1 
7	1 
40	1 
4	1 
27	1 
7	1 
16	1 
5	3 
13	1 
3	1 
1	1 
18	1 
1	1 
21	1 
13	1 
12	1 
3	1 
12	1 
3	1 
3	1 
20	2 
7	1 
8	1 
28	1 
2	2 
3	1 
20	1 
5	1 
2	1 
2	1 
5	1 
25	1 
13	1 
2	1 
33	5 
11	1 
4	1 
43	1 
16	1 
10	1 
2	1 
14	1 
2	1 
36	1 
1	1 
3	1 
2	1 
7	1 
21	1 
15	1 
9	1 
2	1 
3	1 
7	1 
8	1 
4	2 
6	1 
7	1 
7	1 
20	1 
35	1 
1	1 
4	1 
15	1 
6	2 
1	1 
1	1 
19	1 
9	1 
2	1 
6	1 
13	1 
5	1 
27	1 
5	1 
4	1 
1	1 
3	1 
5	1 
14	1 
3	2 
9	1 
25	1 
5	1 
3	1 
17	1 
1	1 
3	1 
19	3 
37	1 
4	1 
7	1 
13	1 
18	1 
34	1 
8	2 
59	2 
1	1 
5	1 
31	1 
6	1 
11	1 
12	1 
24	1 
16	1 
5	1 
13	1 
3	1 
4	1 
10	1 
2	1 
1	1 
40	1 
39	1 
1	2 
1	1 
14	1 
8	1 
5	1 
47	1 
5	1 
15	1 
20	1 
17	1 
29	1 
9	1 
29	1 
10	1 
5	1 
9	1 
3	1 
11	1 
9	1 
74	1 
2	2 
22	4 
4	1 
3	1 
34	1 
17	1 
16	1 
15	1 
26	1 
12	1 
9	1 
2	1 
2	1 
40	1 
9	1 
16	1 
3	1 
3	1 
4	1 
19	1 
1	1 
20	1 
25	1 
9	1 
1	1 
16	1 
5	1 
7	1 
16	1 
7	1 
2	1 
21	1 
28	1 
11	2 
12	1 
11	2 
13	1 
16	1 
8	1 
11	1 
1	1 
4	1 
3	1 
16	1 
42	1 
5	1 
15	1 
17	1 
19	1 
1	1 
3	1 
25	1 
21	3 
28	1 
5	1 
22	1 
8	1 
11	1 
5	1 
20	1 
15	1 
3	1 
1	1 
1	2 
14	1 
8	1 
8	1 
4	1 
30	1 
28	1 
1	1 
13	2 
28	1 
20	1 
9	1 
48	1 
18	3 
28	1 
23	1 
2	1 
1	1 
1	2 
1	1 
3	1 
6	3 
2	1 
24	1 
1	1 
1	1 
15	1 
25	1 
6	1 
4	1 
14	1 
27	1 
1	1 
13	1 
76	1 
16	1 
11	2 
3	1 
41	1 
4	1 
5	1 
27	1 
37	1 
3	1 
2	1 
1	1 
28	1 
3	2 
61	1 
19	1 
3	1 
22	1 
1	1 
36	1 
4	1 
4	1 
30	2 
1	1 
9	1 
14	1 
4	1 
2	1 
27	1 
1	1 
1	1 
4	1 
14	1 
1	1 
7	1 
1	1 
2	1 
15	1 
4	1 
6	1 
40	1 
2	1 
16	1 
7	1 
9	1 
26	1 
16	1 
1	1 
2	1 
1	1 
27	1 
3	1 
6	1 
33	1 
6	3 
26	1 
35	1 
7	1 
18	1 
18	4 
3	1 
7	1 
7	1 
32	1 
10	1 
11	1 
3	1 
22	1 
43	1 
2	1 
21	1 
12	3 
1	1 
19	1 
5	1 
1	2 
39	1 
7	1 
19	2 
1	1 
2	1 
39	1 
21	1 
1	1 
32	2 
1	1 
5	2 
25	6 
34	1 
1	1 
1	1 
48	3 
3	1 
29	1 
2	1 
1	1 
39	1 
2	1 
34	1 
33	1 
7	1 
8	1 
21	1 
2	1 
3	1 
27	1 
6	1 
1	1 
1	1 
1	1 
9	1 
22	1 
4	1 
17	1 
1	1 
1	3 
27	1 
3	1 
3	1 
9	1 
23	1 
10	1 
4	1 
9	1 
1	1 
24	1 
17	2 
6	1 
22	1 
3	1 
2	1 
12	1 
4	1 
13	1 
14	1 
2	1 
3	1 
41	1 
1	3 
5	1 
1	2 
1	1 
3	1 
1	2 
3	1 
1	1 
37	1 
5	1 
36	2 
2	1 
19	1 
4	1 
4	1 
42	1 
1	1 
1	1 
1	1 
14	1 
1	1 
43	1 
2	1 
1	1 
3	1 
1	1 
2	1 
24	1 
8	1 
1	1 
54	3 
1	1 
10	1 
20	1 
12	1 
12	1 
2	1 
1	2 
5	1 
13	2 
4	1 
19	1 
1	1 
26	1 
5	1 
3	1 
21	1 
3	1 
29	5 
1	1 
16	1 
1	1 
11	1 
1	1 
3	1 
26	3 
42	1 
2	1 
8	1 
11	1 
1	1 
4	1 
11	1 
2	1 
12	1 
4	1 
1	1 
1	1 
8	1 
14	1 
30	1 
6	1 
2	1 
1	1 
5	1 
47	1 
37	1 
7	1 
1	1 
20	1 
17	1 
9	1 
20	1 
35	1 
2	1 
1	1 
34	1 
4	1 
4	1 
7	1 
22	5 
75	3 
2	1 
20	1 
34	1 
10	1 
73	1 
2	1 
62	1 
21	1 
11	1 
31	1 
7	1 
4	1 
3	1 
5	1 
1	1 
1	2 
41	1 
1	1 
3	1 
1	1 
22	1 
13	1 
5	1 
2	1 
11	1 
8	1 
6	1 
1	1 
68	1 
22	1 
1	1 
1	1 
7	1 
10	1 
1	1 
28	1 
4	1 
1	1 
3	1 
4	1 
3	1 
1	1 
9	1 
4	2 
4	1 
26	1 
1	1 
1	1 
5	1 
28	1 
2	1 
1	1 
1	1 
2	1 
2	1 
2	1 
2	1 
18	1 
20	1 
12	3 
1	1 
18	1 
7	1 
8	1 
5	2 
21	1 
44	1 
5	1 
35	1 
23	1 
13	1 
3	1 
23	1 
40	1 
12	1 
5	1 
19	1 
5	2 
22	1 
13	1 
2	1 
74	1 
30	1 
16	1 
1	1 
21	1 
13	1 
3	1 
6	1 
32	1 
3	2 
31	1 
10	2 
33	1 
1	1 
24	1 
12	1 
9	1 
1	1 
33	1 
8	1 
5	1 
31	1 
21	1 
1	3 
2	1 
38	1 
31	1 
20	1 
15	1 
15	1 
35	1 
21	1 
48	1 
1	1 
1	1 
23	1 
22	1 
3	1 
1	1 
2	1 
2	1 
8	1 
36	1 
14	1 
1	1 
3	2 
2	1 
33	2 
22	1 
13	1 
6	1 
6	1 
2	1 
2	1 
30	1 
3	1 
1	1 
8	1 
34	1 
13	1 
6	1 
16	1 
8	4 
21	1 
29	1 
10	2 
45	1 
3	1 
3	1 
39	1 
8	1 
22	1 
3	1 
2	1 
6	1 
10	1 
8	1 
3	1 
6	1 
1	1 
1	1 
9	1 
4	1 
7	1 
3	1 
13	2 
6	1 
1	1 
8	1 
6	1 
21	1 
8	1 
7	1 
7	1 
7	1 
32	1 
3	1 
8	1 
7	1 
13	1 
3	1 
36	1 
31	1 
2	1 
15	1 
58	1 
52	1 
2	1 
1	1 
1	1 
37	1 
19	1 
5	1 
8	1 
2	1 
10	1 
7	1 
4	1 
4	1 
4	1 
5	1 
1	1 
47	1 
7	1 
32	2 
1	3 
1	1 
2	1 
7	1 
1	1 
16	1 
44	1 
2	1 
12	1 
3	1 
15	1 
24	1 
2	1 
4	1 
20	1 
4	1 
2	1 
1	1 
43	1 
5	1 
3	1 
18	1 
2	1 
1	1 
2	1 
4	1 
18	3 
4	2 
5	1 
1	1 
2	1 
3	1 
1	1 
1	1 
4	1 
92	1 
6	1 
1	1 
8	1 
14	1 
3	2 
7	1 
5	1 
43	1 
4	2 
4	1 
1	1 
9	1 
25	1 
11	1 
7	1 
2	1 
3	1 
6	1 
4	1 
60	1 
30	1 
2	1 
4	1 
1	1 
3	1 
32	1 
1	2 
1	1 
17	1 
3	1 
44	1 
8	1 
39	1 
23	1 
3	1 
28	1 
7	2 
3	1 
19	1 
13	1 
3	1 
5	1 
43	1 
1	1 
8	1 
1	3 
8	1 
15	1 
13	2 
26	1 
29	1 
10	1 
2	1 
2	1 
1	2 
3	1 
25	1 
4	3 
33	1 
8	1 
18	1 
1	1 
19	1 
15	1 
26	1 
27	1 
5	1 
7	1 
7	4 
3	1 
13	1 
11	1 
9	1 
1	1 
1	1 
104	1 
56	1 
3	1 
14	1 
13	1 
3	1 
14	1 
27	5 
60	1 
6	1 
63	1 
1	1 
12	1 
16	1 
47	1 
3	1 
40	1 
21	1 
10	1 
82	2 
3	1 
2	1 
4	1 
32	2 
1	1 
70	1 
3	1 
5	1 
15	1 
12	1 
1	1 
3	1 
19	1 
3	1 
4	1 
1	1 
5	1 
8	1 
69	2 
2	1 
80	1 
1	1 
1	1 
24	1 
9	1 
1	1 
86	1 
14	1 
23	1 
15	1 
1	1 
2	1 
2	1 
1	1 
58	1 
1	1 
9	1 
1	1 
12	1 
19	1 
25	1 
90	1 
26	1 
1	1 
1	1 
2	1 
5	1 
71	1 
4	1 
116	1 
1	1 
2	1 
4	1 
57	1 
26	1 
67	1 
27	1 
2	1 
2	1 
15	1 
15	1 
3	1 
5	1 
3	1 
2	3 
3	1 
1	2 
1	1 
2	1 
7	1 
17	1 
5	1 
13	2 
2	2 
4	1 
2	1 
6	1 
32	1 
4	1 
33	1 
6	1 
11	1 
17	1 
3	1 
34	1 
1	1 
12	1 
5	1 
8	1 
9	1 
10	1 
4	1 
1	1 
11	5 
5	1 
36	1 
28	1 
6	1 
1	1 
4	1 
11	1 
7	3 
13	1 
6	2 
29	1 
15	1 
42	1 
1	2 
10	2 
33	1 
13	1 
4	1 
2	1 
16	1 
4	1 
8	1 
63	1 
5	1 
11	1 
3	1 
7	1 
15	1 
14	1 
1	1 
33	1 
5	1 
16	1 
1	1 
4	1 
1	1 
9	1 
2	1 
3	1 
1	1 
1	3 
4	1 
28	1 
38	1 
5	1 
2	1 
22	1 
3	1 
6	1 
11	1 
4	1 
18	1 
1	1 
6	1 
19	1 
14	1 
1	3 
8	1 
2	1 
19	1 
22	1 
1	2 
1	1 
3	1 
7	1 
5	2 
1	1 
14	1 
70	3 
19	1 
3	1 
24	1 
2	1 
53	1 
6	1 
1	2 
13	1 
4	1 
1	1 
17	2 
1	1 
1	1 
1	1 
21	1 
1	2 
2	1 
21	1 
6	1 
3	1 
5	1 
9	3 
50	1 
44	2 
55	1 
8	1 
19	1 
2	1 
39	1 
3	6 
36	1 
11	1 
17	3 
32	1 
2	1 
2	1 
1	1 
5	1 
2	1 
1	1 
2	1 
12	1 
6	1 
5	3 
1	1 
26	1 
34	1 
1	1 
1	1 
4	1 
18	1 
1	1 
3	1 
36	1 
19	1 
23	1 
1	1 
4	1 
17	1 
1	1 
2	1 
1	1 
11	1 
10	1 
5	1 
11	1 
4	1 
1	1 
22	1 
1	1 
4	1 
2	1 
5	1 
3	1 
1	1 
9	2 
5	1 
6	4 
30	1 
4	1 
2	1 
12	1 
1	1 
24	1 
2	2 
8	1 
5	1 
1	1 
1	1 
8	1 
5	1 
35	1 
1	1 
2	1 
2	1 
4	1 
1	1 
19	1 
2	1 
26	1 
22	1 
3	1 
7	1 
14	1 
1	1 
12	1 
30	3 
20	4 
55	2 
13	1 
3	1 
7	1 
3	2 
65	2 
2	1 
5	1 
2	1 
1	1 
2	1 
4	1 
48	1 
1	1 
6	1 
31	1 
2	1 
1	1 
14	1 
2	1 
2	1 
12	3 
7	1 
9	1 
19	1 
3	4 
27	1 
8	2 
3	1 
3	2 
24	1 
3	1 
1	1 
33	1 
21	1 
11	1 
4	1 
7	1 
4	1 
30	1 
5	1 
33	1 
4	1 
17	1 
4	1 
7	1 
1	2 
10	1 
2	2 
13	1 
30	1 
3	1 
9	1 
10	1 
1	1 
30	1 
7	1 
4	7 
3	1 
19	1 
2	1 
2	3 
4	1 
18	1 
1	1 
6	1 
8	1 
15	1 
11	1 
11	1 
3	1 
2	1 
2	1 
21	1 
8	1 
14	1 
13	2 
10	1 
37	1 
5	1 
1	1 
4	1 
8	1 
3	1 
13	1 
3	1 
1	1 
85	1 
5	1 
2	1 
8	2 
2	1 
3	1 
23	1 
3	1 
4	1 
2	1 
10	1 
5	1 
6	1 
1	1 
18	1 
1	4 
2	5 
17	1 
3	1 
1	1 
2	1 
4	1 
4	1 
7	1 
25	1 
3	1 
16	2 
15	1 
12	1 
19	1 
11	1 
4	1 
2	1 
2	1 
23	1 
54	1 
14	1 
1	1 
10	1 
2	1 
28	1 
4	1 
2	1 
3	1 
40	1 
6	1 
11	1 
11	1 
16	1 
9	1 
1	1 
20	3 
1	1 
20	1 
4	1 
4	1 
65	1 
3	1 
11	1 
20	1 
1	1 
1	1 
1	1 
24	2 
4	1 
26	1 
16	1 
4	1 
28	1 
7	3 
9	1 
1	1 
1	1 
20	1 
9	3 
10	1 
1	1 
1	1 
32	1 
8	1 
21	1 
5	1 
6	1 
3	1 
5	1 
10	1 
4	1 
1	1 
5	1 
3	1 
12	3 
5	1 
8	1 
16	1 
12	1 
1	1 
8	5 
8	1 
17	1 
9	1 
3	1 
3	2 
11	1 
2	1 
2	1 
16	1 
3	1 
6	1 
22	1 
15	1 
4	1 
2	1 
1	1 
15	1 
6	1 
28	1 
9	1 
26	1 
36	1 
9	1 
4	1 
3	1 
12	1 
29	1 
5	1 
12	1 
3	1 
4	1 
2	1 
3	1 
12	1 
10	1 
6	1 
3	1 
8	1 
16	1 
2	1 
1	1 
54	1 
3	1 
58	1 
8	1 
2	1 
52	1 
13	1 
4	1 
7	1 
21	1 
36	1 
2	1 
3	1 
33	1 
19	1 
17	1 
1	1 
10	1 
9	1 
28	1 
15	1 
5	1 
13	1 
7	1 
2	1 
3	1 
28	5 
11	1 
41	1 
5	2 
19	1 
2	1 
23	1 
10	5 
5	1 
16	1 
40	1 
27	1 
8	1 
4	1 
13	1 
57	1 
86	1 
57	1 
36	1 
78	1 
6	1 
7	1 
45	1 
54	1 
1	1 
2	1 
1	1 
86	1 
34	1 
69	1 
102	1 
1	1 
2	1 
44	1 
1	1 
66	1 
13	1 
43	1 
70	1 
10	1 
19	1 
60	5 
3	1 
63	1 
12	1 
46	1 
4	1 
34	1 
44	1 
23	1 
16	1 
13	1 
4	1 
2	1 
6	1 
22	1 
61	1 
137	1 
92	1 
1	1 
1	1 
3	1 
3	1 
1	1 
1	1 
7	1 
34	1 
11	1 
31	1 
7	1 
2	3 
27	1 
1	1 
1	1 
1	1 
2	1 
6	1 
34	1 
1	1 
4	1 
7	1 
1	1 
9	1 
23	1 
1	1 
12	1 
57	1 
6	1 
2	1 
1	1 
39	1 
19	1 
10	1 
7	1 
49	1 
41	1 
6	1 
82	1 
12	1 
1	1 
176	4 
103	1 
2	1 
24	1 
239	1 
71	1 
235	2 
39	1 
49	1 
6	1 
65	1 
4	5 
110	1 
18	1 
57	1 
6	1 
72	1 
16	1 
8	1 
40	1 
96	1 
58	1 
55	2 
8	1 
21	1 
28	1 
1	1 
22	1 
15	1 
8	1 
24	1 
27	1 
89	1 
5	1 
37	1 
10	1 
56	1 
11	1 
78	1 
35	2 
22	1 
17	1 
86	1 
115	1 
75	1 
298	1 
16	1 
1	1 
133	1 
40	1 
3	1 
16	1 
10	1 
97	1 
47	1 
9	1 
14	1 
5	1 
29	1 
147	4 
3	1 
92	1 
12	1 
49	1 
34	5 
38	1 
13	1 
1	1 
1	1 
16	1 
3	1 
4	1 
6	2 
27	1 
1	1 
28	1 
3	1 
30	1 
91	1 
53	1 
3	1 
1	1 
56	1 
46	1 
252	1 
1	1 
4	1 
1	4 
119	1 
23	1 
2	1 
10	2 
19	1 
6	1 
37	1 
13	1 
54	1 
7	2 
39	1 
37	1 
24	1 
1	1 
44	1 
21	1 
64	1 
1	1 
3	1 
75	1 
2	1 
186	1 
4	1 
156	1 
1	1 
11	1 
1	1 
30	1 
11	1 
47	1 
1	1 
60	1 
94	1 
40	6 
42	5 
77	1 
43	1 
7	1 
40	1 
1	1 
2	1 
1	1 
2	1 
28	1 
31	1 
83	1 
3	1 
155	1 
7	1 
59	1 
2	1 
47	2 
35	1 
215	1 
28	1 
14	1 
44	1 
358	1 
553	1 
16	1 
74	9 
11	6 
77	1 
26	1 
80	1 
11	1 
42	1 
29	4 
78	1 
34	1 
170	1 
12	1 
10	1 
21	1 
6	1 
57	1 
157	1 
84	1 
70	1 
1	1 
15	1 
35	1 
60	1 
70	1 
81	1 
207	1 
52	1 
1	1 
607	1 
5	1 
47	1 
48	1 
43	1 
52	1 
18	1 
21	1 
7	1 
14	1 
1	1 
7	1 
55	1 
69	5 
305	1 
2	1 
10	1 
245	1 
66	1 
40	1 
1	1 
213	1 
187	1 
131	1 
159	1 
9	1 
149	1 
51	1 
5	1 
190	1 
58	1 
60	1 
70	1 
74	1 
50	1 
43	1 
24	1 
4	1 
46	1 
34	4 
29	1 
19	1 
189	1 
56	2 
55	1 
59	1 
7	1 
4	1 
23	1 
52	1 
9	1 
15	1 
40	1 
1	1 
8	1 
1	1 
41	2 
14	1 
56	1 
111	1 
5	1 
8	1 
6	1 
13	1 
32	2 
3	1 
6	1 
26	1 
15	1 
3	1 
2	1 
23	1 
70	1 
1	1 
1	1 
30	1 
75	1 
1	1 
31	1 
2	1 
115	1 
3	1 
27	2 
55	1 
96	1 
5	1 
15	1 
9	1 
5	1 
17	2 
34	1 
8	1 
109	1 
68	1 
88	1 
140	1 
32	1 
40	13 
160	5 
35	1 
40	1 
2	1 
12	1 
84	2 
48	1 
7	1 
2	1 
265	1 
33	1 
1	1 
10	1 
2	1 
4	1 
57	1 
30	1 
41	1 
18	1 
30	1 
25	1 
27	1 
13	1 
1	1 
1	1 
73	1 
68	1 
3	1 
118	1 
5	1 
106	1 
113	1 
11	1 
2	1 
44	1 
102	1 
44	1 
5	1 
2	1 
7	1 
8	1 
39	1 
2	1 
21	1 
23	1 
2	1 
18	1 
5	1 
6	1 
8	2 
9	1 
89	1 
1	1 
39	1 
39	1 
16	1 
7	1 
2	1 
10	2 
25	1 
14	1 
2	2 
21	1 
28	1 
3	5 
12	1 
7	1 
5	1 
11	1 
23	1 
3	1 
1	1 
1	1 
1	1 
2	1 
19	1 
23	1 
1	1 
1	1 
3	3 
3	1 
11	1 
2	1 
15	1 
6	1 
3	1 
5	1 
19	1 
1	1 
1	1 
14	1 
9	4 
16	1 
15	1 
6	1 
21	1 
9	1 
12	1 
4	1 
21	1 
5	1 
7	1 
9	1 
33	1 
12	1 
4	1 
1	1 
1	1 
22	1 
83	1 
7	1 
20	1 
24	3 
36	1 
1	1 
2	1 
9	1 
15	1 
1	1 
13	1 
44	1 
65	1 
18	1 
8	1 
2	1 
27	1 
45	1 
5	1 
53	1 
1	1 
1	1 
29	1 
5	7 
25	1 
68	1 
113	1 
12	1 
37	1 
11	1 
38	1 
9	1 
4	1 
3	1 
71	1 
73	1 
1	1 
1	3 
6	1 
25	1 
6	1 
4	1 
3	1 
26	1 
83	1 
5	2 
50	1 
3	1 
58	1 
71	2 
1	1 
17	1 
23	1 
20	1 
4	1 
9	1 
9	1 
2	1 
95	1 
9	1 
16	1 
2	3 
1	1 
20	1 
40	1 
46	1 
1	1 
10	1 
4	1 
13	1 
1	1 
1	1 
1	1 
24	1 
3	1 
2	1 
2	1 
1	1 
48	1 
21	1 
23	1 
19	1 
21	1 
5	1 
1	1 
2	1 
44	1 
32	5 
3	1 
4	1 
5	1 
102	1 
2	1 
54	1 
29	1 
1	1 
102	1 
42	1 
2	1 
79	1 
20	1 
26	1 
1	1 
71	1 
51	1 
198	1 
48	1 
23	1 
2	1 
71	1 
3	1 
67	2 
19	1 
182	1 
28	1 
3	1 
23	1 
1	1 
36	1 
37	1 
13	1 
47	1 
72	1 
13	1 
78	1 
58	1 
29	1 
62	1 
72	6 
113	1 
24	1 
46	1 
85	1 
96	1 
5	1 
47	4 
3	1 
64	1 
24	1 
96	1 
39	1 
26	1 
40	1 
13	1 
6	1 
67	3 
11	1 
166	1 
31	1 
62	1 
105	1 
47	1 
28	1 
7	2 
30	1 
13	1 
4	1 
15	1 
86	1 
50	1 
51	1 
1	1 
59	1 
15	1 
37	3 
199	1 
18	1 
33	1 
20	1 
31	1 
52	1 
6	1 
73	1 
9	1 
2	1 
1	1 
13	1 
8	1 
10	1 
2	1 
37	1 
18	1 
36	1 
36	1 
28	1 
14	1 
1	1 
6	1 
1	1 
11	1 
43	1 
1	4 
18	2 
4	1 
7	1 
32	1 
19	1 
5	1 
6	1 
1	1 
7	1 
4	1 
4	1 
13	1 
51	1 
81	4 
2	1 
77	1 
213	1 
153	1 
1	1 
41	2 
84	2 
16	1 
3	1 
39	1 
181	1 
17	1 
22	1 
2	1 
142	1 
5	1 
21	1 
127	1 
53	1 
58	1 
23	1 
80	1 
40	1 
88	1 
2	1 
13	2 
7	1 
93	1 
1	1 
2	1 
46	1 
19	1 
51	1 
11	1 
52	1 
170	1 
6	2 
49	6 
15	4 
150	2 
13	5 
3	1 
68	1 
159	1 
74	1 
111	1 
42	1 
41	1 
85	1 
20	1 
136	1 
82	2 
47	1 
130	1 
16	1 
322	1 
304	1 
5	1 
49	1 
108	4 
20	1 
42	1 
3	1 
30	1 
31	1 
32	2 
31	1 
4	1 
18	1 
71	1 
12	1 
7	1 
67	1 
2	1 
11	1 
25	5 
10	2 
134	1 
129	1 
4	1 
24	1 
56	1 
48	1 
18	1 
85	1 
15	1 
7	1 
42	1 
29	1 
137	1 
71	1 
93	1 
11	1 
198	1 
17	1 
80	1 
125	1 
54	1 
55	1 
1	1 
37	1 
96	5 
10	1 
17	1 
12	1 
19	1 
26	1 
13	1 
266	1 
25	1 
18	1 
20	1 
2	1 
51	1 
7	1 
53	1 
11	1 
72	4 
3	1 
117	1 
7	1 
65	1 
24	1 
31	1 
25	1 
29	1 
35	1 
12	1 
2	1 
7	1 
1	1 
30	1 
9	1 
52	1 
22	1 
92	1 
45	1 
97	1 
16	1 
21	1 
12	1 
9	1 
28	1 
62	1 
48	1 
141	1 
140	1 
24	1 
8	1 
10	1 
2	1 
129	5 
166	1 
165	1 
45	1 
3	1 
54	1 
2	1 
16	1 
79	5 
1	1 
33	1 
63	1 
25	1 
41	1 
1	1 
17	1 
27	1 
6	1 
84	5 
46	1 
148	1 
247	1 
1	1 
114	1 
5	1 
8	1 
51	1 
182	1 
12	1 
114	1 
81	1 
150	1 
46	1 
49	1 
111	1 
1	1 
54	1 
187	1 
25	1 
1	1 
164	1 
60	1 
17	1 
70	1 
206	1 
28	1 
44	4 
22	1 
14	1 
36	1 
9	1 
12	1 
265	1 
37	1 
4	1 
17	1 
12	1 
6	1 
35	1 
19	1 
22	1 
47	1 
24	1 
72	1 
4	1 
28	1 
7	1 
9	1 
8	1 
3	1 
7	1 
1	1 
58	1 
8	1 
1	1 
7	1 
40	1 
30	11 
269	1 
18	1 
88	1 
57	3 
38	1 
4	7 
7	4 
56	1 
3	1 
13	1 
37	1 
94	1 
88	1 
151	1 
103	1 
29	1 
27	1 
226	1 
4	5 
56	1 
42	1 
60	1 
1	1 
122	1 
1	1 
38	1 
21	1 
1	1 
2	1 
145	1 
2	2 
57	1 
230	1 
264	1 
6	1 
35	1 
62	1 
27	1 
54	1 
44	1 
60	1 
19	1 
21	1 
553	1 
185	1 
99	1 
9	5 
44	1 
52	1 
4	1 
15	1 
6	1 
7	1 
309	6 
110	1 
119	1 
3	1 
24	1 
6	1 
72	1 
175	1 
9	1 
118	1 
1	1 
77	1 
19	1 
19	1 
10	1 
93	1 
16	1 
2	1 
94	1 
84	1 
5	1 
40	1 
7	1 
5	1 
6	1 
7	1 
29	1 
19	1 
18	1 
109	1 
10	1 
18	1 
7	1 
103	1 
6	1 
4	1 
18	1 
119	1 
10	1 
1	1 
22	1 
146	5 
3	1 
80	1 
18	1 
109	1 
12	3 
74	1 
1	1 
149	1 
46	1 
22	1 
2	2 
1	1 
19	1 
50	1 
145	1 
1	2 
4	3 
17	1 
2	1 
2	1 
21	1 
7	1 
12	1 
52	1 
14	1 
1	1 
6	1 
20	1 
12	1 
3	1 
205	1 
56	1 
4	1 
1	1 
45	1 
36	1 
41	1 
2	1 
7	1 
473	1 
109	1 
2	1 
53	1 
44	1 
54	1 
6	1 
116	1 
28	1 
2	4 
4	1 
