
Error_free_burst	Error_burst


2	91
9	4
7	54
6	3
17	21
11	12
8	21
6	10
7	52
11	35
6	66
7	27
6	15
6	1
15	10
6	29
8	8
6	10
6	2
21	2
8	1
6	6
10	11
29	21
10	9
9	6
7	26
14	6
10	2
12	29
14	21
10	4
7	1
9	2
16	21
10	1
19	12
6	16
15	6
15	2
31	1
19	4
9	5
24	13
6	10
17	2
10	7
10	7
15	9
8	2
9	24
9	1
20	8
7	12
9	5
12	6
7	34
6	6
16	1
7	11
6	11
14	75
6	12
15	1
6	12
6	12
10	3
14	2
11	10
7	1
23	1
7	32
6	12
9	27
9	24
10	23
22	1
8	4
9	10
27	6
16	2
13	4
9	10
15	2
16	20
10	2
28	9
14	1
19	2
15	4
6	11
33	1
8	15
43	4
16	2
12	1
15	1
18	4
9	1
41	1
13	4
13	1
37	3
12	6
37	1
14	6
36	1
6	2
13	5
16	1
31	2
36	1
16	1
16	1
52	1
32	2
30	7
49	3
49	1
15	1
15	1
68	1
30	1
21	1
42	1
26	1
73	1
16	1
52	2
13	2
51	1
15	1
37	1
15	2
42	2
8	2
15	1
53	1
12	1
31	1
19	1
9	1
36	1
8	8
28	4
29	3
49	6
10	1
30	1
26	2
49	1
66	4
12	2
36	2
15	1
15	6
48	9
44	1
31	1
40	1
27	1
40	2
11	6
32	1
71	1
51	3
67	1
70	1
11	2
92	1
31	3
293	1
58	1
46	1
323	1
160	1
190	1
66	1
71	1
146	1
87	1
98	1
77	1
128	1
15	1
142	1
34	1
528	1
91	1
70	2
166	1
15	2
71	1
179	1
31	1
11	2
34	1
362	2
19	1
52	1
39	1
30	3
37	2
21	1
39	2
13	7
16	1
14	2
7	1
14	1
12	4
14	3
35	1
16	2
17	3
6	10
12	4
22	1
13	3
20	5
13	1
8	2
28	1
8	1
7	1
7	1
7	1
13	3
22	1
15	2
14	6
50	4
21	6
43	1
15	1
15	1
8	1
35	1
14	5
24	4
32	4
11	6
13	1
12	1
44	1
23	2
6	2
7	1
128	6
24	1
13	5
9	2
21	1
31	1
24	1
12	1
16	2
15	3
54	1
29	1
17	1
38	1
63	1
39	7
21	3
13	2
10	1
73	2
16	1
31	2
15	3
12	1
8	2
37	1
6	1
54	2
9	2
13	4
12	5
9	1
10	1
6	16
9	26
7	27
10	5
6	7
7	12
6	7
8	11
7	12
18	4
13	2
13	4
12	3
14	3
7	2
13	3
6	17
8	1
6	20
6	56
6	110
6	23
15	1
15	1
15	2
15	1
30	2
13	3
6	2
39	1
60	1
13	7
15	1
31	2
30	1
21	1
26	1
44	1
182	1
70	1
41	5
7	22
9	16
6	1
8	34
14	6
8	33
15	5
26	1
12	1
10	1
10	5
17	16
6	1
9	1
32	5
27	4
9	5
28	9
8	5
7	38
6	40
16	1
162	1
16	18
19	12
36	3
21	2
13	1
7	5
18	1
11	1
8	1
12	2
16	1
27	1
17	1
13	1
10	1
47	1
27	1
15	1
15	1
16	1
15	1
15	1
31	1
12	4
12	4
15	1
12	1
10	2
7	1
12	1
18	1
7	1
7	1
7	1
7	1
7	1
13	2
8	1
16	1
6	1
6	3
6	10
7	1
7	1
7	25
7	42
6	1
6	19
7	25
7	25
7	9
7	1
6	19
6	13
6	1
6	3
7	1
14	2
46	9
30	1
28	20
8	6
14	7
41	1
15	1
10	90
14	1
18	11
13	1
7	2
12	1
18	1
9	1
22	1
7	1
6	9
15	7
10	2
22	2
11	2
9	8
17	13
7	4
29	14
25	1
9	1
15	2
6	2
7	1
13	4
30	1
15	1
8	3
7	7
6	1
8	1
12	67
22	4
7	1
13	71
12	21
14	4
7	9
6	11
6	5
17	4
7	21
13	2
20	10
18	1
10	1
44	1
11	2
7	2
8	2
22	1
9	3
16	3
6	2
22	3
28	3
14	1
18	1
10	1
15	6
9	2
7	2
12	62
9	1
16	7
9	8
9	4
32	5
17	15
11	282
7	9
6	21
10	39
21	1
12	11
7	4
16	2
8	1
6	1
16	2
6	1
6	5
12	27
12	7
10	18
6	2
6	43
6	5
8	10
8	2
6	1
11	1
15	10
8	11
27	1
18	2
7	2
26	1
17	3
16	1
14	8
12	4
14	3
13	5
7	1
25	26
13	1
15	2
16	2
13	5
7	35
6	26
6	1
22	10
6	34
6	82
40	1
56	4
38	7
9	3
6	12
21	1
13	2
9	14
8	9
6	4
15	3
15	2
16	62
6	1
10	210
6	1
9	1
12	2
7	1
13	3
8	1
6	1
8	14
11	1
21	9
14	3
8	1
6	9
23	16
8	25
6	3
20	3
7	18
6	1
8	7
10	1
10	37
9	20
10	1
6	40
8	4
11	8
7	11
7	9
6	17
7	2
6	27
10	3
9	31
6	2
9	9
6	18
6	38
7	25
7	11
7	10
6	24
8	33
6	3
6	9
8	1
15	24
6	253
7	314
6	27
8	310
6	65
6	505
6	208
7	49
6	154
7	26
6	34
6	11
6	8
7	25
8	7
7	1
8	18
6	9
10	6
6	26
9	71
11	2
10	9
6	8
6	12
6	9
6	2
6	9
6	73
6	141
6	24
6	270
6	21
6	39
7	1
7	54
12	15
6	2
6	67
8	74
6	13
13	48
6	12
7	94
8	66
8	200
7	107
7	7
6	53
6	5
7	79
7	70
7	10
7	24
8	20
10	18
7	3
7	22
6	10
8	64
7	1
8	9
8	6
8	1
13	116
6	26
6	27
13	25
7	3
6	16
6	1
6	44
7	1
6	2
14	1
7	1
7	10
6	11
6	2
13	11
6	40
6	3
6	8
7	1
8	1
9	9
7	1
6	2
7	7
6	13
7	8
6	16
8	18
7	25
7	24
6	2
6	50
6	27
12	20
10	7
6	7
15	68
7	15
6	25
8	7
6	2
7	4
13	2
9	4
9	8
6	20
8	15
11	16
11	35
6	49
7	31
9	15
7	1
7	26
7	20
7	38
6	26
6	38
7	11
7	21
7	8
16	2
15	22
10	1
7	1
8	6
11	22
9	5
7	11
6	1
7	34
8	1
13	8
9	40
7	20
13	9
6	124
6	65
6	15
6	53
6	243
7	8
8	32
6	121
6	11
7	26
6	90
9	19
11	60
6	26
7	1
13	11
7	40
8	115
6	77
6	39
6	34
7	10
6	27
6	58
6	1
6	3
6	1
10	39
6	26
8	19
9	3
6	18
7	31
7	40
7	15
6	3
7	30
20	9
8	10
6	23
6	19
8	10
6	18
6	9
7	59
7	5
6	5
8	15
7	4
6	13
7	11
8	9
7	7
8	2
9	5
14	35
10	4
6	3
6	43
10	10
8	10
6	4
10	42
7	70
10	27
6	22
10	81
7	1
6	71
7	52
6	1
6	26
13	21
6	8
6	3
6	1
6	3
6	9
15	8
6	12
6	1
6	2
8	1
6	2
6	12
6	16
6	35
12	24
7	3
7	62
8	10
6	11
6	4
11	3
6	13
10	24
13	2
8	34
7	85
6	14
6	26
8	3
6	88
6	21
8	20
6	5
10	10
9	14
6	34
8	133
6	291
6	106
6	65
6	18
7	11
6	70
7	25
6	11
8	51
9	37
7	96
7	30
6	102
6	10
7	65
7	69
6	30
6	25
6	35
10	61
6	58
6	41
6	7
8	1
6	6
8	18
9	3
13	8
9	2
7	1
6	1
6	2
6	11
6	1
7	1
6	1
7	18
7	1
6	12
11	9
6	12
9	7
6	5
10	4
13	17
6	3
6	2
6	1
10	49
6	9
7	1
15	1
7	2
6	2
12	11
8	15
7	2
7	6
10	2
6	10
12	4
6	8
8	2
8	7
8	6
10	7
6	14
6	10
8	13
6	2
6	11
9	1
13	3
9	13
7	1
14	2
6	1
7	9
7	5
11	1
28	12
7	1
8	1
7	17
8	1
9	18
15	3
9	6
14	1
13	21
10	8
13	5
9	4
8	8
6	6
10	20
6	10
7	1
6	2
13	2
6	2
7	1
6	2
7	2
6	1
6	3
6	1
8	1
6	1
7	7
7	1
9	1
7	7
7	3
6	1
6	2
7	1
7	1
7	1
7	3
6	1
6	2
6	1
15	10
6	1
7	4
15	1
28	1
15	3
22	10
21	1
8	1
6	1
7	2
6	1
8	2
6	2
15	9
16	8
6	10
13	9
13	11
15	2
14	3
6	7
7	2
8	5
12	3
14	5
9	1
6	1
10	4
13	1
12	9
6	10
6	1
7	1
9	1
13	5
11	1
6	2
9	7
18	1
20	8
9	1
6	1
9	7
7	1
14	3
17	6
13	3
14	3
7	7
9	2
14	1
12	10
10	5
10	7
10	1
20	1
10	7
7	6
11	8
9	15
6	1
10	55
11	3
9	16
7	2
8	33
6	9
6	6
9	10
7	19
10	29
7	70
6	112
6	51
15	1
8	17
9	63
9	25
10	4
6	3
6	41
14	20
7	16
11	100
6	146
6	104
6	4
6	65
6	8
6	86
11	24
8	19
6	2
6	38
6	7
6	17
6	58
6	32
7	19
7	1
7	42
6	7
7	10
9	65
6	1
6	9
9	41
7	71
6	11
6	18
7	1
10	24
10	6
6	6
8	68
10	13
6	1
15	8
14	4
11	1
24	8
12	6
8	7
15	3
8	7
7	10
7	4
10	10
20	5
20	1
9	2
6	5
34	9
23	1
15	2
7	2
7	2
6	1
8	1
6	1
6	8
8	7
17	19
6	5
6	9
10	1
6	4
6	7
10	10
13	32
8	1
14	4
7	2
15	63
6	149
6	4
7	1
6	1
9	8
8	8
9	1
14	1
15	1
9	1
13	9
22	1
6	3
24	1
44	3
6	1
30	1
6	3
13	1
6	29
33	1
29	5
9	1
7	1
8	7
9	70
6	11
8	8
7	9
8	4
16	4
8	2
48	1
10	5
16	1
7	1
22	5
7	4
20	5
8	1
16	1
14	1
33	5
23	1
41	1
28	1
7	1
17	1
110	10
103	2
65	1
27	1
80	2
66	1
23	1
76	1
8	1
14	1
8	2
57	1
118	1
38	1
31	1
21	1
65	1
39	1
12	1
18	5
6	3
15	1
13	352
52	1
618	1
21	1
962	1
7	1
7	9
14	2
9	1
6	17
13	2
31	6
39	15
8	1
6	14
12	2
7	8
7	1
6	9
31	2
22	2
12	2
169	1
16	1
6	1
58	1
47	1
36	1
24	1
781	18
8	65
284	21
411	13
6	2
15	2
6	1
24	4
6	34
28	12
6	111
6	20
13	34
11	1
6	1
475	1
23	1
28	1
11	1
16	17
11	298
6	113
31	1
192	1
13	1
14	1
10	1
63	10
6	1
6	1
50	1
126	1
20	1
145	1
44	1
180	1
21	1
92	1
16	1
26	1
21	1
15	1
72	1
15	1
7	1
7	1
7	2
24	1
44	1
47	2
31	6
10	1
14	2
30	2
7	2
37	1
7	1
8	1
6	4
20	1
10	1
13	3
13	1
16	1
15	1
16	7
25	1
16	6
23	9
7	1
55	1
13	1
9	1
15	1
20	4
14	1
24	1
20	1
82	1
86	1
32	1
54	2
111	1
102	4
22	1
31	1
13	1
88	3
20	1
8	1
9	6
9	1
9	3
10	1
26	1
15	1
16	1
14	1
15	1
39	1
6	1
9	1
13	3
7	7
6	4
6	1
15	1
14	6
9	5
14	1
7	1
11	5
15	17
7	7
19	5
31	3
12	1
11	10
7	15
6	10
6	1
7	43
8	7
18	42
11	1
8	12
20	1
8	7
8	10
10	1
11	1
7	7
6	31
13	5
14	17
10	1
6	3
7	9
6	3
6	1
14	1
12	30
19	4
7	2
9	14
7	22
10	3
13	43
6	1
9	1
10	3
6	2
6	1
7	1
7	1
7	1
6	1
8	1
7	1
24	1
20	1
6	2
9	1
13	3
16	1
19	3
20	4
17	1
44	1
13	11
30	1
14	1
65	1
62	1
32	1
13	1
506	1
127	1
80	1
19	1
12	1
30	1
8	1
14	1
7	1
88	1
162	1
10	1
119	1
46	1
66	1
7	6
11	1
37	1
160	1
57	1
13	1
7	1
9	1
61	1
224	1
96	1
200	1
176	1
77	4
101	1
85	1
17	1
49	1
116	1
9	1
160	1
342	1
135	1
105	1
14	1
38	1
8	2
14	1
23	1
25	1
52	2
7	1
79	1
48	3
49	3
23	1
42	1
36	3
15	1
15	1
85	1
137	2
211	1
34	1
73	1
6	1
6	1
32	7
25	1
8	1
41	1
102	1
86	1
60	1
32	1
10	1
14	1
47	1
115	1
6	1
89	1
26	1
17	1
148	1
81	1
61	1
133	13
279	1
158	1
297	1
17	1
8	1
29	1
124	1
59	1
134	2
120	1
37	1
186	1
78	1
208	1
78	1
6	1
24	1
8	1
39	1
42	6
55	1
50	4
25	2
6	1
18	1
18	1
17	1
8	1
92	2
25	1
181	2
41	1
92	1
161	1
200	1
44	1
34	1
158	1
39	1
59	1
112	1
9	1
73	1
30	1
13	1
91	1
111	1
125	1
18	1
45	1
191	3
14	1
24	1
23	2
14	4
10	7
7	1
6	2
13	4
7	1
8	10
19	4
14	1
7	1
64	1
740	30
1583	20
37	21
2064	4
59	22
17	1
22	20
32	13
577	1
1509	1
39	1
1049	1
1244	1
434	15
39	1
31	1
62287	1
81493	1
9903	1
7	1
294	1
114	8
832	3
6	11
6	1
14	2
23	9
12	1
12	39
79	1
7	26
16	5
6	8
9	27
42	74
16	1
35	14
101	1
6	3
6	1
7	3
73	16
198	43
46	23
16	13
43	1
95	2
829	1
14	2
16	10
7	35
58	1
8	8
6	12
7	10
8	6
10	9
57	16
26	7
9	8
107	1
78	1
592	1
301	30
8	1
80	2
7	1
56	4
64	3
139	7
6	4
44	78
351	20
687	1
263	3
7	11
8	27
9	1
60	4
6	2
6	10
19	3
207	17
6	6
8	1
187	1
7	18
117	1
65	1
6	26
102	1
78	1
47	1
14	8
7	12
7	1
9	2
13	1
10	1
30	2
14	3
8	1
6	2
10	8
6	1
11	6
9	1
13	2
6	2
23	1
22	1
7	1
8	1
27	9
17	1
16	2
14	1
16	4
101	1
245	26
40	2
7	46
6	2
8	41
7	11
24	1
145	3
7	1
16	1
7	2
6	70
7	3
161	1
791	1
7	1
8	1
35	1
17	1
51	1
117	1
289	1
230	1
477	1
7	1
51	1
40	1
9	3
21	1
13	1
24	3
7	1
15	5
7	5
13	2
21	1
25	1
41	2
15	1
6	39
7	246
7	1
6	1
15	1
23	1
13	1
50	4
38	1
8	1
32	9
7	1
42	18
6	3
58	3
6	1
12	1
6	8
25	26
15	121
6	981
15	7
7	30
6	13
7	6
6	18
6	142
7	355
7	954
6	828
6	56
6	27
12	724
6	581
6	1468
6	176
7	36
9	29
6	20
7	26
8	27
10	6
6	111
6	300
7	10
8	1
24	1
7	7
17	11
30	1
31	1
34	1
40	1
672	1
4860	1
16	18
22	1
9	22
6	111
13	1
20	1
8	1
148	1
50	4
8	1
23	1
10	1
194	1
675	1
23	1
2465	1
1141	2
718	1
6867	1
5743	1
14512	1
186	1
2047	7
17	1
30	32
7	1
1148	1
120	2
6	25
16	1
215	1
227	9
1292	1
4565	1
